0.000000000000000000e+00
0.000000000000000000e+00
3.558716607738544591e-01
7.092179754084834142e-01
1.060064080040591383e+00
1.408434577691956680e+00
1.754354002779717536e+00
2.097847255233046937e+00
2.438936629158186875e+00
2.777643930502281755e+00
3.113990695104316586e+00
3.447998188695117427e+00
3.779687406897349611e+00
4.109079075225517741e+00
4.436193649085968360e+00
4.761051313776889060e+00
5.083671984488303153e+00
5.404075306302080328e+00
5.722280654191926885e+00
6.038307133023385731e+00
6.352173577553848816e+00
6.663898552432543809e+00
6.973500352200536767e+00
7.280997074763531529e+00
7.586406002784475966e+00
7.889743309362054369e+00
8.191025002473020677e+00
8.490266962079941138e+00
8.787484940131195188e+00
9.082694560560970132e+00
9.375911319289267354e+00
9.667150584221898768e+00
9.956427595250488594e+00
1.024375746425247513e+01
1.052915517509110011e+01
1.081263558361542643e+01
1.109421341766032043e+01
1.137390327704646609e+01
1.165171963358035612e+01
1.192767683105429377e+01
1.220178908524639638e+01
1.247407048392059181e+01
1.274453498682662200e+01
1.301319642570002877e+01
1.328006840999025684e+01
1.354516361277940106e+01
1.380849436001380859e+01
1.407007292555796596e+01
1.432991151200345037e+01
1.458802225066894920e+01
1.484441720160023692e+01
1.509910835357018755e+01
1.535210762407877638e+01
1.560342685935307472e+01
1.585307783434725337e+01
1.610107225274257203e+01
1.634742174694740413e+01
1.659213787809720841e+01
1.683523213605454316e+01
1.707671593940906973e+01
1.731660063547754191e+01
1.755489750030380947e+01
1.779161773865883234e+01
1.802677248404065224e+01
1.826037279867441754e+01
1.849242967351237965e+01
1.872295402823386823e+01
1.895195671124533376e+01
1.917944849968031207e+01
1.940544009314304574e+01
1.962994153046916068e+01
1.985296247363874045e+01
2.007451270966441825e+01
2.029460197471706451e+01
2.051323995412579393e+01
2.073043628237795133e+01
2.094620054311912583e+01
2.116054226915314018e+01
2.137347094244206147e+01
2.158499599410618686e+01
2.179512680442406136e+01
2.200387270283245655e+01
2.221124296792638830e+01
2.241724682745912034e+01
2.262189345834213583e+01
2.282519198664516225e+01
2.302715148759617492e+01
2.322778098558137572e+01
2.342708945414521793e+01
2.362508581599037782e+01
2.382177894297777243e+01
2.401717765612656663e+01
2.421129072561415541e+01
2.440412687077618159e+01
2.459569476010650391e+01
2.478600301125724670e+01
2.497506019103875730e+01
2.516287481541962023e+01
2.534945534952666435e+01
2.553481020764495213e+01
2.571894763946747986e+01
2.590187537403553364e+01
2.608360122750129761e+01
2.626413299932535850e+01
2.644347844864703845e+01
2.662164529428439153e+01
2.679864121473418948e+01
2.697447384817194660e+01
2.714915079245188778e+01
2.732267960510698046e+01
2.749506780334891687e+01
2.766632286406811758e+01
2.783645222383373152e+01
2.800546327889363241e+01
2.817336338517442584e+01
2.834015985828144935e+01
2.850585997349876166e+01
2.867047096578915699e+01
2.883400002979414722e+01
2.899645431983398680e+01
2.915784094990764785e+01
2.931816699369283796e+01
2.947743948454598950e+01
2.963566541550225963e+01
2.979285173927554098e+01
2.994900536825845450e+01
3.010413317452234239e+01
3.025824198981728230e+01
3.041133860557207669e+01
3.056342977289425633e+01
3.071452220257008392e+01
3.086462256506454693e+01
3.101373749052136475e+01
3.116187356876297798e+01
3.130903734929056270e+01
3.145523534128402687e+01
3.160047401360199615e+01
3.174475979478183163e+01
3.188809898055913550e+01
3.203049764538604194e+01
3.217196184318245855e+01
3.231249759665665522e+01
3.245211089723822795e+01
3.259080770507812019e+01
3.272859394904858732e+01
3.286547552674322503e+01
3.300145830447695516e+01
3.313654811728602567e+01
3.327075076892800354e+01
3.340407203188181029e+01
3.353651764734767937e+01
3.366809332524717746e+01
3.379880474422319736e+01
3.392865755163996511e+01
3.405765736358303286e+01
3.418580976485928602e+01
3.431312030899693610e+01
3.443959451824552076e+01
3.456523788357591798e+01
3.469005586468031765e+01
3.481405388997225714e+01
3.493723735658658569e+01
3.505961163037950001e+01
3.518118204592850873e+01
3.530195390653246079e+01
3.542193248421153129e+01
3.554112301970721433e+01
3.565953072248235856e+01
3.577716077072111034e+01
3.589401831132897769e+01
3.601010845993277343e+01
3.612543630088063651e+01
3.624000688724206043e+01
3.635382524080784350e+01
3.646689635209013147e+01
3.657922518032238912e+01
3.669081665345940735e+01
3.680167566817730318e+01
3.691180708987354819e+01
3.702121575266691877e+01
3.712990645939751744e+01
3.723788398162679414e+01
3.734515305963751786e+01
3.745171840243379080e+01
3.755758468774103420e+01
3.766275664186221661e+01
3.776723913147277756e+01
3.787103658701859388e+01
3.797415337395287338e+01
3.807659383614422666e+01
3.817836229587665287e+01
3.827946305384953263e+01
3.837990038917765645e+01
3.847967855939117499e+01
3.857880180043564877e+01
3.867727432667200560e+01
3.877510033087659025e+01
3.887228398424111475e+01
3.896882943637267971e+01
3.906474081529378140e+01
3.916002222744231176e+01
3.925467775767153000e+01
3.934871146925010521e+01
3.944212740386208793e+01
3.953492958160690307e+01
3.962712200099939253e+01
3.971870863896975834e+01
3.980969345086361244e+01
3.990008037044194111e+01
3.998987330988111921e+01
4.007907615977293148e+01
4.016769278912451568e+01
4.025572704535842661e+01
4.034318275431260048e+01
4.043006372024034789e+01
4.051637372581039642e+01
4.060211653210683380e+01
4.068729587862915764e+01
4.077191548329223281e+01
4.085597904242632694e+01
4.093949023077710336e+01
4.102245270150559975e+01
4.110487008618823523e+01
4.118674599481684595e+01
4.126808401579862817e+01
4.134888771595618095e+01
4.142916064052749192e+01
4.150890631316593726e+01
4.158812823594026042e+01
4.166682988933463605e+01
4.174501473224858472e+01
4.182268620199703690e+01
4.189984771431031874e+01
4.197650266333412361e+01
4.205265442162954770e+01
4.212830634017307574e+01
4.220346174835656683e+01
4.227812395398728995e+01
4.235229624328789555e+01
4.242598188089640132e+01
4.249918410986624906e+01
4.257190615166624070e+01
4.264415120618058097e+01
4.271592245170885604e+01
4.278722304496604778e+01
4.285805612108251950e+01
4.292842479360403019e+01
4.299833241986488019e+01
4.306778283314939415e+01
4.313677893544394237e+01
4.320532354502929451e+01
4.327341946783946014e+01
4.334106949746171722e+01
4.340827641513658364e+01
4.347504298975785986e+01
4.354137197787259339e+01
4.360726612368108590e+01
4.367272815903690031e+01
4.373776080344686079e+01
4.380236676407103857e+01
4.386654873572278035e+01
4.393030940086867275e+01
4.399365142962857789e+01
4.405657747977560490e+01
4.411909019673611709e+01
4.418119221358974613e+01
4.424288615106937783e+01
4.430417461756115216e+01
4.436506020910447745e+01
4.442554550939200197e+01
4.448563308976964947e+01
4.454532550923659784e+01
4.460462531444527912e+01
4.466353503970137950e+01
4.472205720696384645e+01
4.478019432584489579e+01
4.483794889360999036e+01
4.489532339517785431e+01
4.495232030312045879e+01
4.500894207766305755e+01
4.506519116668414426e+01
4.512107000571546678e+01
4.517658101794204129e+01
4.523172661420214524e+01
4.528650919298730315e+01
4.534093114044230788e+01
4.539499483036519223e+01
4.544870262420727158e+01
4.550205687107310126e+01
4.555505990772050495e+01
4.560771405856056049e+01
4.566002163565759275e+01
4.571198493872920920e+01
4.576360625514625724e+01
4.581488785993283130e+01
4.586583201576632263e+01
4.591644097297734106e+01
4.596671696954977904e+01
4.601666223112077603e+01
4.606627897098071855e+01
4.611556939007328282e+01
4.616453567699537075e+01
4.621318000799716685e+01
4.626150454698209558e+01
4.630951144550684973e+01
4.635720284278137626e+01
4.640458086566886919e+01
4.645164762868581221e+01
4.649840523400191472e+01
4.654485577144016162e+01
4.659100131847677773e+01
4.663684394024127755e+01
4.668238568951640133e+01
4.672762860673816476e+01
4.677257471999584482e+01
4.681722604503195129e+01
4.686158458524228365e+01
4.690565233167588843e+01
4.694943126303505920e+01
4.699292334567535079e+01
4.703613053360558638e+01
4.707905476848785042e+01
4.712169797963746731e+01
4.716406208402302980e+01
4.720614898626638478e+01
4.724796057864264043e+01
4.728949874108017326e+01
4.733076534116059975e+01
4.737176223411879761e+01
4.741249126284290583e+01
4.745295391778207517e+01
4.749315146839296631e+01
4.753308558122234473e+01
4.757275791758950589e+01
4.761217013109497032e+01
4.765132386762049066e+01
4.769022076532905885e+01
4.772886245466489896e+01
4.776725055835346723e+01
4.780538669140145203e+01
4.784327246109677390e+01
4.788090946700859973e+01
4.791829930098731438e+01
4.795544354716454905e+01
4.799234378195315998e+01
4.802900157404723558e+01
4.806541848442211062e+01
4.810159606633433782e+01
4.813753586532172335e+01
4.817323941920328423e+01
4.820870825807928384e+01
4.824394390433122481e+01
4.827894787262182774e+01
4.831372166989506667e+01
4.834826679537611938e+01
4.838258474057143843e+01
4.841667698926867303e+01
4.845054501753672582e+01
4.848419029372573164e+01
4.851761427846705033e+01
4.855081842467328812e+01
4.858380417753827629e+01
4.861657297453707827e+01
4.864912624542598962e+01
4.868146541224255941e+01
4.871359188930554041e+01
4.874550708321495307e+01
4.877721239285201449e+01
4.880870920937920232e+01
4.883999891624021927e+01
4.887108288915999310e+01
4.890196249614471213e+01
4.893263909748177554e+01
4.896311404573980752e+01
4.899338868576869999e+01
4.902346435469954145e+01
4.905334238194468099e+01
4.908302408919768567e+01
4.911251079043336887e+01
4.914180379190776904e+01
4.917090439215816389e+01
4.919981388200304906e+01
4.922853354454218078e+01
4.925706465515652610e+01
4.928540848150830556e+01
4.931356628354094340e+01
4.934153931347913158e+01
4.936932881582877997e+01
4.939693602737702349e+01
4.942436217719225056e+01
4.945160848662407460e+01
4.947867616930332701e+01
4.950556643114209976e+01
4.953228047033370274e+01
4.955881947735267801e+01
4.958518463495482109e+01
4.961137711817712415e+01
4.963739809433785410e+01
4.966324870260275048e+01
4.968892996480097679e+01
4.971444293567201811e+01
4.973978867500823497e+01
4.976496823771760347e+01
4.978998267382370813e+01
4.981483302846574901e+01
4.983952034189852043e+01
4.986404564949242513e+01
4.988840998173350982e+01
4.991261436422337994e+01
4.993665981767929907e+01
4.996054735793409662e+01
4.998427799593624599e+01
5.000785273774981476e+01
5.003127258455447901e+01
5.005453853264553032e+01
5.007765157343386875e+01
5.010061269344599566e+01
5.012342287432403509e+01
5.014608309282571241e+01
5.016859432082436143e+01
5.019095752530893151e+01
5.021317366838398044e+01
5.023524370726967447e+01
5.025716859430178118e+01
5.027894927693169080e+01
5.030058669772639490e+01
5.032208179436850770e+01
5.034343549965622344e+01
5.036464874150338744e+01
5.038572244293941793e+01
5.040665752210935580e+01
5.042745489227385747e+01
5.044811546180919493e+01
5.046864013420722017e+01
5.048902980807542917e+01
5.050928537713689792e+01
5.052940773023033927e+01
5.054939775131006030e+01
5.056925631944596944e+01
5.058898430882361197e+01
5.060858258874411320e+01
5.062805202362422818e+01
5.064739347299630623e+01
5.066660779150832639e+01
5.068569582892385483e+01
5.070465843012208040e+01
5.072349643509779327e+01
5.074221067896141335e+01
5.076080199193894771e+01
5.077927119937201894e+01
5.079761912171786520e+01
5.081584657454932596e+01
5.083395436855485627e+01
5.085194330953852671e+01
5.086981419841999497e+01
5.088756783123455563e+01
5.090520499913309038e+01
5.092272648838210358e+01
5.094013308036371512e+01
5.095742555157563203e+01
5.097460467363119818e+01
5.099167121325933749e+01
5.100862593230461073e+01
5.102546958772718000e+01
5.104220293160280164e+01
5.105882671112286175e+01
5.107534166749911719e+01
5.109174848876548936e+01
5.110804784001415157e+01
5.112424039436046286e+01
5.114032682190401857e+01
5.115630778972864334e+01
5.117218396190242657e+01
5.118795599947768693e+01
5.120362456049097943e+01
5.121919029996310968e+01
5.123465386989911963e+01
5.125001591928828759e+01
5.126527709410414246e+01
5.128043803730445660e+01
5.129549938883123161e+01
5.131046178561071258e+01
5.132532586155339516e+01
5.134009224755400425e+01
5.135476157149152243e+01
5.136933445822916156e+01
5.138381152961436271e+01
5.139819340447883889e+01
5.141248069863851811e+01
5.142667402489357897e+01
5.144077399302845066e+01
5.145478120981177739e+01
5.146869627899647526e+01
5.148251980131968253e+01
5.149625237450278803e+01
5.150989459325140984e+01
5.152344704925541663e+01
5.153691033118892051e+01
5.155028502471026997e+01
5.156357171246204985e+01
5.157677097407110267e+01
5.158988338614849312e+01
5.160290952228954353e+01
5.161584995307379842e+01
5.162870524606506706e+01
5.164147596581137378e+01
5.165416267384500770e+01
5.166676592868248719e+01
5.167928628582456696e+01
5.169172429775625943e+01
5.170408051394680626e+01
5.171635548084969258e+01
5.172854974190263988e+01
5.174066383752762022e+01
5.175269830513084202e+01
5.176465367910275717e+01
5.177653049081804681e+01
5.178832926863566399e+01
5.180005053789876257e+01
5.181169482093476830e+01
5.182326263705532909e+01
5.183475450255635053e+01
5.184617093071797456e+01
5.185751243180456527e+01
5.186877951306475865e+01
5.187997267873141283e+01
5.189109243002162941e+01
5.190213926513675347e+01
5.191311367926237352e+01
5.192401616456830737e+01
5.193484721020863759e+01
5.194560730232166179e+01
5.195629692402994237e+01
5.196691655544025679e+01
5.197746667364365436e+01
5.198794775271539237e+01
5.199836026371500708e+01
5.200870464818115124e+01
5.201898127794331828e+01
5.202919057306040429e+01
5.203933295559835415e+01
5.204940884574615723e+01
5.205941866181585453e+01
5.206936282024253160e+01
5.207924173558433978e+01
5.208905582052243943e+01
5.209880548586107807e+01
5.210849114052752640e+01
5.211811319157211386e+01
5.212767204416821443e+01
5.213716810161224657e+01
5.214660176532368752e+01
5.215597343484504478e+01
5.216528350784189172e+01
5.217453238010283911e+01
5.218372044553954225e+01
5.219284809618671517e+01
5.220191572220210929e+01
5.221092371186653480e+01
5.221987245158383217e+01
5.222876232588090772e+01
5.223759371740771229e+01
5.224636700693723412e+01
5.225508257336551310e+01
5.226374079371164072e+01
5.227234204311776011e+01
5.228088669484904472e+01
5.228937512029374091e+01
5.229780768896312537e+01
5.230618476849152643e+01
5.231450672463630980e+01
5.232277392127791416e+01
5.233098672041980848e+01
5.233914548218849916e+01
5.234725056483357264e+01
5.235530232472762435e+01
5.236330111636632978e+01
5.237124729236839471e+01
5.237914120347557656e+01
5.238698319855268437e+01
5.239477362458756460e+01
5.240251282669112243e+01
5.241020114809730757e+01
5.241783893016311424e+01
5.242542651236858831e+01
5.243296423231682013e+01
5.244045242573395171e+01
5.244789142646916247e+01
5.245528156649469764e+01
5.246262317590583990e+01
5.246991658292090932e+01
5.247716211388128471e+01
5.248436009325140361e+01
5.249151084361873387e+01
5.249861468569379497e+01
5.250567193831015089e+01
5.251268291842443148e+01
5.251964794111628976e+01
5.252656731958844460e+01
5.253344136516664520e+01
5.254027038729971366e+01
5.254705469355949532e+01
5.255379458964090134e+01
5.256049037936186608e+01
5.256714236466341106e+01
5.257375084172972635e+01
5.258031603550959687e+01
5.258683819631037437e+01
5.259331759514499538e+01
5.259975450179398138e+01
5.260614918480542457e+01
5.261250191149498079e+01
5.261881294794589081e+01
5.262508255900895193e+01
5.263131100830255349e+01
5.263749855821264845e+01
5.264364546989275340e+01
5.264975200326397697e+01
5.265581841701498433e+01
5.266184496860201847e+01
5.266783191424890020e+01
5.267377950894701399e+01
5.267968800645532212e+01
5.268555765930036472e+01
5.269138871877623842e+01
5.269718143494463192e+01
5.270293605663479042e+01
5.270865283144354407e+01
5.271433200573529376e+01
5.271997382464201110e+01
5.272557853206323131e+01
5.273114637066607457e+01
5.273667758188523180e+01
5.274217240592296463e+01
5.274763108174910542e+01
5.275305384710105727e+01
5.275844093848380822e+01
5.276379259116990994e+01
5.276910903919948481e+01
5.277439051538023307e+01
5.277963725128741856e+01
5.278484947726389009e+01
5.279002742242006718e+01
5.279517131463393298e+01
5.280028138055105558e+01
5.280535784558456669e+01
5.281040093391516166e+01
5.281541086849114208e+01
5.282038787102834476e+01
5.282533216201019854e+01
5.283024396068770301e+01
5.283512348507942846e+01
5.283997095197151594e+01
5.284478657691768433e+01
5.284957057423922322e+01
5.285432315702499295e+01
5.285904453713142459e+01
5.286373492518253414e+01
5.286839453056988702e+01
5.287302356145265492e+01
5.287762222475754470e+01
5.288219072617886241e+01
5.288672927017848480e+01
5.289123805998584515e+01
5.289571729759796170e+01
5.290016718377942340e+01
5.290458791806239702e+01
5.290897969874661300e+01
5.291334272289937957e+01
5.291767718635557571e+01
5.292198326706438394e+01
5.292626111999826577e+01
5.293051092291254633e+01
5.293473285332065359e+01
5.293892708790493629e+01
5.294309380251670660e+01
5.294723317217620462e+01
5.295134537107261963e+01
5.295543057256407593e+01
5.295948894917763994e+01
5.296352067260932728e+01
5.296752591372408858e+01
5.297150484255580949e+01
5.297545762830732485e+01
5.297938443935041875e+01
5.298328544322579603e+01
5.298716080664312500e+01
5.299101069548100185e+01
5.299483527478696487e+01
5.299863470877749450e+01
5.300240916083802034e+01
5.300615879352289994e+01
5.300988376855544715e+01
5.301358424682790371e+01
5.301726038840146060e+01
5.302091235250625090e+01
5.302454029754134268e+01
5.302814438107475326e+01
5.303172475984343492e+01
5.303528158975328211e+01
5.303881502587913133e+01
5.304232522246476123e+01
5.304581233292289255e+01
5.304927650983518816e+01
5.305271790495225304e+01
5.305613666919362714e+01
5.305953295264779968e+01
5.306290690457218773e+01
5.306625867339317182e+01
5.306958840670606037e+01
5.307289625127509680e+01
5.307618235303347376e+01
5.307944685708333310e+01
5.308268990769574458e+01
5.308591164831072007e+01
5.308911222153722775e+01
5.309229176915316373e+01
5.309545043210536619e+01
5.309858835050961545e+01
5.310170566365064104e+01
5.310480250998210039e+01
5.310787902712660724e+01
5.311093535187569614e+01
5.311397162018987217e+01
5.311698796719856119e+01
5.311998452720012409e+01
5.312296143366188517e+01
5.312591881922009662e+01
5.312885681567995277e+01
5.313177555401559005e+01
5.313467516437008697e+01
5.313755577605546421e+01
5.314041751755268450e+01
5.314326051584715316e+01
5.314608488715674639e+01
5.314889074705575212e+01
5.315167821224144262e+01
5.315444739887130510e+01
5.315719842256299188e+01
5.315993139839436310e+01
5.316264644090345826e+01
5.316534366408852463e+01
5.316802318140797468e+01
5.317068510578042861e+01
5.317332954958469315e+01
5.317595662465976147e+01
5.317856644230482743e+01
5.318115911327925716e+01
5.318373474780262455e+01
5.318629345555468291e+01
5.318883534567538618e+01
5.319136052676486059e+01
5.319386910688344727e+01
5.319636119355165249e+01
5.319883689375019742e+01
5.320129631391996838e+01
5.320373955996205950e+01
5.320616673723775847e+01
5.320857795056851813e+01
5.321097330423600624e+01
5.321335290198207701e+01
5.321571684700877114e+01
5.321806524197830868e+01
5.322039818901311747e+01
5.322271578969581185e+01
5.322501814506918549e+01
5.322730535563623278e+01
5.322957752136014165e+01
5.323183474166427942e+01
5.323407711543220699e+01
5.323630474100767884e+01
5.323851771619463591e+01
5.324071613825721272e+01
5.324290010391973738e+01
5.324506970936671735e+01
5.324722505024286079e+01
5.324936622165306233e+01
5.325149331816239595e+01
5.325360643379615055e+01
5.325570566203978728e+01
5.325779109583895377e+01
5.325986282759950541e+01
5.326192094918747699e+01
5.326396555192908977e+01
5.326599672661075857e+01
5.326801456347909891e+01
5.327001915224089856e+01
5.327201058206315309e+01
5.327398894157303744e+01
5.327595431885791299e+01
5.327790680146534186e+01
5.327984647640307259e+01
5.328177343013904732e+01
5.328368774860138757e+01
5.328558951717842262e+01
5.328747882071864694e+01
5.328935574353077698e+01
5.329122036938368723e+01
5.329307278150646709e+01
5.329491306258838534e+01
5.329674129464497412e+01
5.329855755561671771e+01
5.330036192017001184e+01
5.330215446270456425e+01
5.330393525728946713e+01
5.330570437766321845e+01
5.330746189723370065e+01
5.330920788907820196e+01
5.331094242594339505e+01
5.331266558024534419e+01
5.331437742406951941e+01
5.331607802917078232e+01
5.331776746697338609e+01
5.331944580857096838e+01
5.332111312472657971e+01
5.332276948587264798e+01
5.332441496211100684e+01
5.332604962321288866e+01
5.332767353861889603e+01
5.332928677743905155e+01
5.333088940845276227e+01
5.333248150010882682e+01
5.333406312052544251e+01
5.333563433749019111e+01
5.333719521846006728e+01
5.333874583056145013e+01
5.334028624059009616e+01
5.334181651501118893e+01
5.334333671995928228e+01
5.334484692123833582e+01
5.334634718432169365e+01
5.334783757435209850e+01
5.334931815614169182e+01
5.335078899417200660e+01
5.335225015259396741e+01
5.335370169522789752e+01
5.335514368556351172e+01
5.335657618675991642e+01
5.335799926164560958e+01
5.335941297271850203e+01
5.336081738214588199e+01
5.336221255176442924e+01
5.336359854308022932e+01
5.336497541726875227e+01
5.336634323517487388e+01
5.336770205731285444e+01
5.336905194386635287e+01
5.337039295468841971e+01
5.337172514930149703e+01
5.337304858689743270e+01
5.337436332633745906e+01
5.337566942615220000e+01
5.337696694454168522e+01
5.337825593937532886e+01
5.337953646819194375e+01
5.338080858819973429e+01
5.338207235627630354e+01
5.338332782896863904e+01
5.338457506249313411e+01
5.338581411273557364e+01
5.338704503525113410e+01
5.338826788526438349e+01
5.338948271766928855e+01
5.339068958702921464e+01
5.339188854757691161e+01
5.339307965321452087e+01
5.339426295751359675e+01
5.339543851371507088e+01
5.339660637472928073e+01
5.339776659313594109e+01
5.339891922118417256e+01
5.340006431079250149e+01
5.340120191038112551e+01
5.340233206270739430e+01
5.340345481389736193e+01
5.340457020998455562e+01
5.340567829680670542e+01
5.340677912000572292e+01
5.340787272502770833e+01
5.340895915712296471e+01
5.341003846134595534e+01
5.341111068255536054e+01
5.341217586541402795e+01
5.341323405438901517e+01
5.341428529375154710e+01
5.341532962757704439e+01
5.341636709974513053e+01
5.341739775393959633e+01
5.341842163364842833e+01
5.341943878216381592e+01
5.342044924258211580e+01
5.342145305780388043e+01
5.342245027053386508e+01
5.342344092328099237e+01
5.342442505835838773e+01
5.342540271788336526e+01
5.342637394377740634e+01
5.342733877776621654e+01
5.342829726137966162e+01
5.342924943595181020e+01
5.343019534262090531e+01
5.343113502232940704e+01
5.343206851582392858e+01
5.343299586365529308e+01
5.343391710617851231e+01
5.343483228355277959e+01
5.343574143574148394e+01
5.343664460251218884e+01
5.343754182343666770e+01
5.343843313789086835e+01
5.343931858505492016e+01
5.344019820391316955e+01
5.344107203325411604e+01
5.344194011167047620e+01
5.344280247755914104e+01
5.344365916912119019e+01
5.344451022436189902e+01
5.344535568109073154e+01
5.344619557692132616e+01
5.344702994927152417e+01
5.344785883536335547e+01
5.344868227222303148e+01
5.344950029668095937e+01
5.345031294537172784e+01
5.345112025473411421e+01
5.345192226101109867e+01
5.345271900024982870e+01
5.345351050830165462e+01
5.345429682082211542e+01
5.345507797327093158e+01
5.345585400091201222e+01
5.345662493881346933e+01
5.345739082184758217e+01
5.345815168469084000e+01
5.345890756182389936e+01
5.345965848753161964e+01
5.346040449590304888e+01
5.346114562083141664e+01
5.346188189601414820e+01
5.346261335495285039e+01
5.346334003095332577e+01
5.346406195712556553e+01
5.346477916638373529e+01
5.346549169125216139e+01
5.346619955502196575e+01
5.346690278251762152e+01
5.346760140256341032e+01
5.346829544386335442e+01
5.346898493500118121e+01
5.346966990444035162e+01
5.347035038052406719e+01
5.347102639147523462e+01
5.347169796539651543e+01
5.347236513027026916e+01
5.347302791395860311e+01
5.347368634420333677e+01
5.347434044862603741e+01
5.347499025472798451e+01
5.347563578989018396e+01
5.347627708137336811e+01
5.347691415631801704e+01
5.347754704174430174e+01
5.347817576455216226e+01
5.347880035152122957e+01
5.347942082931087526e+01
5.348003722446021868e+01
5.348064956338807008e+01
5.348125787239298745e+01
5.348186217765326234e+01
5.348246250522689849e+01
5.348305888105162609e+01
5.348365133094492307e+01
5.348423988060397249e+01
5.348482455560569804e+01
5.348540538140674272e+01
5.348598238334348309e+01
5.348655558663202214e+01
5.348712501636817507e+01
5.348769069752751193e+01
5.348825265496530790e+01
5.348881091341657879e+01
5.348936549749605263e+01
5.348991643169819810e+01
5.349046374039721741e+01
5.349100744784701789e+01
5.349154757818124750e+01
5.349208415541328066e+01
5.349261720343621818e+01
5.349314674602288733e+01
5.349367280682584891e+01
5.349419540937739015e+01
5.349471457708950339e+01
5.349523033325394294e+01
5.349574270104216112e+01
5.349625170350535797e+01
5.349675736357445288e+01
5.349725970406009168e+01
5.349775874765264660e+01
5.349825451692221634e+01
5.349874703431864020e+01
5.349923632217145553e+01
5.349972240268996160e+01
5.350020529796316282e+01
5.350068502995979713e+01
5.350116162052832891e+01
5.350163509139694895e+01
5.350210546417358159e+01
5.350257276034586340e+01
5.350303700128118578e+01
5.350349820822663105e+01
5.350395640230904348e+01
5.350441160124352535e+01
5.350486381792091350e+01
5.350531307077697107e+01
5.350575937836330098e+01
5.350620275915167667e+01
5.350664323153405633e+01
5.350708081382258285e+01
5.350751552424959101e+01
5.350794738096758607e+01
5.350837640204927936e+01
5.350880260548753853e+01
5.350922600919543015e+01
5.350964663100621266e+01
5.351006448867331500e+01
5.351047959987035085e+01
5.351089198219112575e+01
5.351130165314963705e+01
5.351170863018003843e+01
5.351211293063669672e+01
5.351251457179414217e+01
5.351291357084710398e+01
5.351330994491048187e+01
5.351370371101938161e+01
5.351409488612906529e+01
5.351448348711499392e+01
5.351486953077282038e+01
5.351525303381836807e+01
5.351563401288764510e+01
5.351601248453685855e+01
5.351638846524237891e+01
5.351676197140076852e+01
5.351713301932878863e+01
5.351750162526336396e+01
5.351786780536161103e+01
5.351823157570083822e+01
5.351859295227853153e+01
5.351895195101234748e+01
5.351930858774015576e+01
5.351966287821998236e+01
5.352001483813005933e+01
5.352036448306878924e+01
5.352071182855475939e+01
5.352105689002674893e+01
5.352139968284371463e+01
5.352174022228480510e+01
5.352207852354933948e+01
5.352241460175683585e+01
5.352274847194698282e+01
5.352308014907966793e+01
5.352340964803495638e+01
5.352373698361309096e+01
5.352406217053449922e+01
5.352438522343980765e+01
5.352470615688981326e+01
5.352502498536549780e+01
5.352534172326804196e+01
5.352565638491878275e+01
5.352596898455926322e+01
5.352627953635121116e+01
5.352658805437653200e+01
5.352689455263730878e+01
5.352719904505581638e+01
5.352750154547451444e+01
5.352780206765604731e+01
5.352810062507671063e+01
5.352839722804711187e+01
5.352869188791731148e+01
5.352898461681453313e+01
5.352927542681398165e+01
5.352956432993885016e+01
5.352985133816029872e+01
5.353013646339746856e+01
5.353041971751748207e+01
5.353070111233542860e+01
5.353098065961438579e+01
5.353125837106541240e+01
5.353153425834752710e+01
5.353180833306773678e+01
5.353208060678103664e+01
5.353235109099038169e+01
5.353261979714670815e+01
5.353288673664894759e+01
5.353315192084398433e+01
5.353341536102669096e+01
5.353367706843991414e+01
5.353393705427449589e+01
5.353419532966923100e+01
5.353445190571090961e+01
5.353470679343428884e+01
5.353496000382210696e+01
5.353521154780508340e+01
5.353546143626190457e+01
5.353570968001925223e+01
5.353595628985176802e+01
5.353620127648208182e+01
5.353644465058079760e+01
5.353668642276650047e+01
5.353692660360574251e+01
5.353716520361307118e+01
5.353740223325098668e+01
5.353763770292999880e+01
5.353787162300857005e+01
5.353810400379315126e+01
5.353833485553816018e+01
5.353856418844600995e+01
5.353879201266707355e+01
5.353901833829971224e+01
5.353924317539026134e+01
5.353946653393303023e+01
5.353968842387032367e+01
5.353990885509239916e+01
5.354012783743750958e+01
5.354034538069187477e+01
5.354056149458969571e+01
5.354077618881316170e+01
5.354098947299241473e+01
5.354120135670559932e+01
5.354141184947882692e+01
5.354162096078619015e+01
5.354182870004974859e+01
5.354203507663955008e+01
5.354224009987362365e+01
5.354244377901796526e+01
5.354264612328655204e+01
5.354284714184134231e+01
5.354304684379226842e+01
5.354324523819724391e+01
5.354344233406215636e+01
5.354363814034086744e+01
5.354383266593522706e+01
5.354402591969505920e+01
5.354421791039646905e+01
5.354440864577635040e+01
5.354459813325575368e+01
5.354478638049853600e+01
5.354497339513847010e+01
5.354515918477922298e+01
5.354534375699437021e+01
5.354552711932740294e+01
5.354570927929170665e+01
5.354589024437057532e+01
5.354607002201721144e+01
5.354624861965471183e+01
5.354642604467609601e+01
5.354660230444427782e+01
5.354677740629207250e+01
5.354695135752220381e+01
5.354712416540731112e+01
5.354729583718992103e+01
5.354746638008248283e+01
5.354763580126733302e+01
5.354780410789673795e+01
5.354797130709284403e+01
5.354813740594771332e+01
5.354830241152331638e+01
5.354846633085152519e+01
5.354862917093412022e+01
5.354879093874277629e+01
5.354895164121909090e+01
5.354911128527455588e+01
5.354926987779056446e+01
5.354942742561841840e+01
5.354958393557934215e+01
5.354973941446444030e+01
5.354989386903472592e+01
5.355004730602113483e+01
5.355019973212449713e+01
5.355035115401553725e+01
5.355050157833490232e+01
5.355065101169314801e+01
5.355079946067071006e+01
5.355094693181794696e+01
5.355109343165513280e+01
5.355123896667242178e+01
5.355138354332989081e+01
5.355152716805751112e+01
5.355166984725517665e+01
5.355181158729266144e+01
5.355195239450966938e+01
5.355209227521579862e+01
5.355223123569054877e+01
5.355236928218332082e+01
5.355250642091344560e+01
5.355264265807012691e+01
5.355277799981249842e+01
5.355291245226958097e+01
5.355304602154032523e+01
5.355317871369354776e+01
5.355331053476801628e+01
5.355344149077237148e+01
5.355357158768516257e+01
5.355370083145486149e+01
5.355382922799983447e+01
5.355395678320834207e+01
5.355408350293856756e+01
5.355420939301859562e+01
5.355433445924641234e+01
5.355445870738990521e+01
5.355458214318687737e+01
5.355470477234502624e+01
5.355482660054196486e+01
5.355494763342520059e+01
5.355506787661215640e+01
5.355518733569015666e+01
5.355530601621643427e+01
5.355542392311307509e+01
5.355554106048104046e+01
5.355565743287520064e+01
5.355577304484100409e+01
5.355588790091042029e+01
5.355600200560196811e+01
5.355611536342067325e+01
5.355622797885809661e+01
5.355633985639232719e+01
5.355645100048798213e+01
5.355656141559619954e+01
5.355667110615465276e+01
5.355678007658753614e+01
5.355688833130557924e+01
5.355699587470602552e+01
5.355710271117266785e+01
5.355720884507579882e+01
5.355731428077226042e+01
5.355741902260540854e+01
5.355752307490514141e+01
5.355762644198786404e+01
5.355772912815653086e+01
5.355783113770060311e+01
5.355793247489608433e+01
5.355803314400549908e+01
5.355813314927790003e+01
5.355823249494886795e+01
5.355833118524051173e+01
5.355842922436146836e+01
5.355852661650689583e+01
5.355862336585848027e+01
5.355871947658445009e+01
5.355881495283954052e+01
5.355890979876503621e+01
5.355900401848871439e+01
5.355909761612492304e+01
5.355919059577450980e+01
5.355928296152485046e+01
5.355937471744986311e+01
5.355946586760997263e+01
5.355955641605215334e+01
5.355964636680988633e+01
5.355973572390320214e+01
5.355982449133863099e+01
5.355991267310925963e+01
5.356000027319468870e+01
5.356008729556103276e+01
5.356017374416095578e+01
5.356025962293364273e+01
5.356034493580479960e+01
5.356042968668666049e+01
5.356051387947799469e+01
5.356059751806409963e+01
5.356068060631677952e+01
5.356076314809439509e+01
5.356084514724181389e+01
5.356092660759043866e+01
5.356100753295820027e+01
5.356108792714955058e+01
5.356116779395547667e+01
5.356124713715348662e+01
5.356132596050762373e+01
5.356140426776845231e+01
5.356148206267305767e+01
5.356155934894507453e+01
5.356163613029463733e+01
5.356171241041842279e+01
5.356178819299964289e+01
5.356186348170801637e+01
5.356193828019981140e+01
5.356201259211780297e+01
5.356208642109130835e+01
5.356215977073616585e+01
5.356223264465474188e+01
5.356230504643593093e+01
5.356237697965515565e+01
5.356244844725021892e+01
5.356251944985908864e+01
5.356258998984788633e+01
5.356266006981885397e+01
5.356272969237166137e+01
5.356279886010337776e+01
5.356286757560848599e+01
5.356293584147888254e+01
5.356300366030387039e+01
5.356307103467016617e+01
5.356313796716190723e+01
5.356320446036063032e+01
5.356327051684528584e+01
5.356333613919223069e+01
5.356340132997524961e+01
5.356346609176552676e+01
5.356353042713165280e+01
5.356359433863964625e+01
5.356365782885291793e+01
5.356372090033230648e+01
5.356378355563604998e+01
5.356384579731980011e+01
5.356390762793662930e+01
5.356396905003701647e+01
5.356403006616883999e+01
5.356409067887740605e+01
5.356415089070542734e+01
5.356421070419302310e+01
5.356427012187772618e+01
5.356432914629448305e+01
5.356438777997565381e+01
5.356444602545099798e+01
5.356450388524770290e+01
5.356456136189036243e+01
5.356461845790096987e+01
5.356467517579893922e+01
5.356473151810109812e+01
5.356478748732168782e+01
5.356484308597234900e+01
5.356489831656214307e+01
5.356495318159754504e+01
5.356500768358242937e+01
5.356506182501809121e+01
5.356511560840323938e+01
5.356516903623398207e+01
5.356522211100385533e+01
5.356527483520379462e+01
5.356532721132214192e+01
5.356537924184467414e+01
5.356543092925455340e+01
5.356548227603236967e+01
5.356553328465611230e+01
5.356558395760119140e+01
5.356563429734043069e+01
5.356568430634405331e+01
5.356573398707970313e+01
5.356578334201243052e+01
5.356583237360469951e+01
5.356588108431638773e+01
5.356592947660477932e+01
5.356597755292457919e+01
5.356602531572788450e+01
5.356607276746423452e+01
5.356611991058053945e+01
5.356616674752115870e+01
5.356621328072784394e+01
5.356625951263975338e+01
5.356630544569347308e+01
5.356635108232299558e+01
5.356639642495971287e+01
5.356644147603244477e+01
5.356648623796740338e+01
5.356653071315338366e+01
5.356657490077430595e+01
5.356661880053839297e+01
5.356666241402143669e+01
5.356670574279990404e+01
5.356674878845095122e+01
5.356679155255243785e+01
5.356683403668291277e+01
5.356687624242162116e+01
5.356691817134849742e+01
5.356695982504417231e+01
5.356700120508995866e+01
5.356704231306787989e+01
5.356708315056064151e+01
5.356712371915163828e+01
5.356716402042496128e+01
5.356720405596540502e+01
5.356724382735844614e+01
5.356728333619025051e+01
5.356732258404768743e+01
5.356736157251830832e+01
5.356740030319037515e+01
5.356743877765281781e+01
5.356747699749528380e+01
5.356751496430810278e+01
5.356755267968227940e+01
5.356759014520955020e+01
5.356762736248231249e+01
5.356766433309365993e+01
5.356770105863740383e+01
5.356773754070801630e+01
5.356777378090068709e+01
5.356780978081128097e+01
5.356784554203636617e+01
5.356788106617320011e+01
5.356791635481973657e+01
5.356795140957461854e+01
5.356798623203718535e+01
5.356802082380745844e+01
5.356805518648616982e+01
5.356808932167473358e+01
5.356812323097525308e+01
5.356815691599053508e+01
5.356819037832407560e+01
5.356822361958005985e+01
5.356825664136336940e+01
5.356828944527957503e+01
5.356832203293494388e+01
5.356835440593643938e+01
5.356838656589170711e+01
5.356841851440909608e+01
5.356845025309764452e+01
5.356848178356708701e+01
5.356851310742783312e+01
5.356854422629101720e+01
5.356857514176843438e+01
5.356860585547259745e+01
5.356863636901670134e+01
5.356866668401463016e+01
5.356869680208096440e+01
5.356872672483098086e+01
5.356875645388065266e+01
5.356878599084662795e+01
5.356881533734626544e+01
5.356884449499761303e+01
5.356887346541940786e+01
5.356890225023108343e+01
5.356893085098709406e+01
5.356895926672654440e+01
5.356898749729725040e+01
5.356901554371552976e+01
5.356904340699812650e+01
5.356907108816218965e+01
5.356909858822529458e+01
5.356912590820543585e+01
5.356915304912103437e+01
5.356918001199091606e+01
5.356920679783433314e+01
5.356923340767094999e+01
5.356925984252085726e+01
5.356928610340456487e+01
5.356931219134299482e+01
5.356933810735748835e+01
5.356936385246981303e+01
5.356938942770214851e+01
5.356941483407709370e+01
5.356944007261766671e+01
5.356946514434730489e+01
5.356949005028987187e+01
5.356951479146962924e+01
5.356953936891127910e+01
5.356956378363993565e+01
5.356958803668112523e+01
5.356961212906079339e+01
5.356963606180531912e+01
5.356965983594147929e+01
5.356968345249649133e+01
5.356970691249797056e+01
5.356973021697395865e+01
5.356975336695291645e+01
5.356977636346373828e+01
5.356979920753570923e+01
5.356982190019855494e+01
5.356984444248240607e+01
5.356986683541781957e+01
5.356988908003577876e+01
5.356991117736766483e+01
5.356993312844529243e+01
5.356995493430088828e+01
5.356997659596711259e+01
5.356999811447702342e+01
5.357001949086410519e+01
5.357004072616226864e+01
5.357006182140583661e+01
5.357008277762955117e+01
5.357010359586857362e+01
5.357012427715848446e+01
5.357014482253527632e+01
5.357016523303537525e+01
5.357018550969561232e+01
5.357020565355323782e+01
5.357022566564593546e+01
5.357024554701178687e+01
5.357026529868930709e+01
5.357028492171743039e+01
5.357030441713550317e+01
5.357032378598328393e+01
5.357034302930096459e+01
5.357036214812914210e+01
5.357038114350885394e+01
5.357040001648153549e+01
5.357041876808904135e+01
5.357043739937365245e+01
5.357045591137806895e+01
5.357047430461629034e+01
5.357049257861022795e+01
5.357051073391998841e+01
5.357052877116254308e+01
5.357054669095607125e+01
5.357056449391996011e+01
5.357058218067479061e+01
5.357059975184235157e+01
5.357061720804564686e+01
5.357063454990887408e+01
5.357065177805743161e+01
5.357066889311792579e+01
5.357068589571817085e+01
5.357070278648718187e+01
5.357071956605517471e+01
5.357073623505357318e+01
5.357075279411500190e+01
5.357076924387330052e+01
5.357078558496348819e+01
5.357080181802181329e+01
5.357081794368571082e+01
5.357083396259383790e+01
5.357084987538603826e+01
5.357086568270336358e+01
5.357088138518807341e+01
5.357089698348363527e+01
5.357091247823470326e+01
5.357092787008715362e+01
5.357094315968806342e+01
5.357095834768570342e+01
5.357097343472956652e+01
5.357098842147031803e+01
5.357100330855986670e+01
5.357101809665130077e+01
5.357103278639890931e+01
5.357104737845820353e+01
5.357106187348588122e+01
5.357107627213985523e+01
5.357109057507923211e+01
5.357110478296434053e+01
5.357111889645669578e+01
5.357113291621901396e+01
5.357114684291524043e+01
5.357116067721049291e+01
5.357117441977111127e+01
5.357118807126464333e+01
5.357120163235983057e+01
5.357121510372661533e+01
5.357122848603615495e+01
5.357124177996080050e+01
5.357125498617411807e+01
5.357126810535086747e+01
5.357128113816702353e+01
5.357129408529974768e+01
5.357130694742742349e+01
5.357131972522962826e+01
5.357133241938714718e+01
5.357134503058195918e+01
5.357135755949727240e+01
5.357137000681746741e+01
5.357138237322814689e+01
5.357139465941612144e+01
5.357140686606938829e+01
5.357141899387716677e+01
5.357143104352986285e+01
5.357144301571910461e+01
5.357145491113771385e+01
5.357146673047971319e+01
5.357147847444033317e+01
5.357149014371601226e+01
5.357150173900438972e+01
5.357151326100430566e+01
5.357152470994951443e+01
5.357153608569001335e+01
5.357154738850599074e+01
5.357155861868289293e+01
5.357156977650980423e+01
5.357158086227944693e+01
5.357159187628818131e+01
5.357160281883599851e+01
5.357161369022654185e+01
5.357162449076707844e+01
5.357163522076851336e+01
5.357164588054539678e+01
5.357165647041591683e+01
5.357166699070188542e+01
5.357167744172875956e+01
5.357168782382564842e+01
5.357169813732527786e+01
5.357170838256401169e+01
5.357171855988186593e+01
5.357172866962248747e+01
5.357173871213316119e+01
5.357174868776479570e+01
5.357175859687195185e+01
5.357176843981283554e+01
5.357177821694926223e+01
5.357178792864672090e+01
5.357179757527430297e+01
5.357180715720475916e+01
5.357181667481447107e+01
5.357182612848346537e+01
5.357183551859538539e+01
5.357184484553752668e+01
5.357185410970083694e+01
5.357186331147986635e+01
5.357187245127283148e+01
5.357188152948157267e+01
5.357189054651156823e+01
5.357189950277194868e+01
5.357190839867545407e+01
5.357191723463849087e+01
5.357192601108108221e+01
5.357193472842689630e+01
5.357194338710324644e+01
5.357195198754106258e+01
5.357196053017493398e+01
5.357196901544308076e+01
5.357197744378735393e+01
5.357198581565324247e+01
5.357199413148988043e+01
5.357200239175003276e+01
5.357201059689010947e+01
5.357201874737014435e+01
5.357202684365382339e+01
5.357203488620846343e+01
5.357204287550501220e+01
5.357205081201807673e+01
5.357205869622586647e+01
5.357206652861025731e+01
5.357207430965675599e+01
5.357208203985450012e+01
5.357208971969626532e+01
5.357209734967847226e+01
5.357210493030117249e+01
5.357211246206806265e+01
5.357211994548646317e+01
5.357212738106733951e+01
5.357213476932530227e+01
5.357214211077858579e+01
5.357214940594906238e+01
5.357215665536226368e+01
5.357216385954733084e+01
5.357217101903705014e+01
5.357217813436786003e+01
5.357218520607981560e+01
5.357219223471662417e+01
5.357219922082563102e+01
5.357220616495779808e+01
5.357221306715349129e+01
5.357221992663276211e+01
5.357222674338392920e+01
5.357223351742884176e+01
5.357224024879649704e+01
5.357224693752304034e+01
5.357225358365177925e+01
5.357226018723317651e+01
5.357226674832482871e+01
5.357227326699150893e+01
5.357227974330512410e+01
5.357228617734473630e+01
5.357229256919657701e+01
5.357229891895400442e+01
5.357230522671753903e+01
5.357231149259487069e+01
5.357231771670082310e+01
5.357232389915737514e+01
5.357233004009365374e+01
5.357233613964595520e+01
5.357234219795770969e+01
5.357234821517951673e+01
5.357235419146910971e+01
5.357236012699139138e+01
5.357236602191839836e+01
5.357237187642935083e+01
5.357237769071058153e+01
5.357238346495560677e+01
5.357238919936508381e+01
5.357239489414682510e+01
5.357240054951578401e+01
5.357240616569408331e+01
5.357241174291098673e+01
5.357241728140292025e+01
5.357242278141345082e+01
5.357242824319330055e+01
5.357243366700036091e+01
5.357243905309965015e+01
5.357244440176334876e+01
5.357244971327079952e+01
5.357245498790848615e+01
5.357246022597005464e+01
5.357246542775628484e+01
5.357247059357513308e+01
5.357247572374168954e+01
5.357248081857820665e+01
5.357248587841409204e+01
5.357249090358588717e+01
5.357249589443730997e+01
5.357250085131921935e+01
5.357250577458962226e+01
5.357251066461368794e+01
5.357251552176372655e+01
5.357252034641921767e+01
5.357252513896677470e+01
5.357252989980017333e+01
5.357253462932034438e+01
5.357253932793536677e+01
5.357254399606046746e+01
5.357254863411803569e+01
5.357255324253760165e+01
5.357255782175586489e+01
5.357256237221665884e+01
5.357256689437097918e+01
5.357257138867696966e+01
5.357257585559993629e+01
5.357258029561232604e+01
5.357258470919374815e+01
5.357258909683094572e+01
5.357259345901784542e+01
5.357259779625549356e+01
5.357260210905211295e+01
5.357260639792306023e+01
5.357261066339086852e+01
5.357261490598519771e+01
5.357261912602326959e+01
5.357262332117502979e+01
5.357262749061163731e+01
5.357263163426089392e+01
5.357263575205862338e+01
5.357263984394862888e+01
5.357264390988272140e+01
5.357264794982069134e+01
5.357265196373035110e+01
5.357265595158747828e+01
5.357265991337587252e+01
5.357266384908731283e+01
5.357266775872158604e+01
5.357267164228647260e+01
5.357267549979774657e+01
5.357267933127917559e+01
5.357268313676253513e+01
5.357268691628758006e+01
5.357269066990206596e+01
5.357269439766177044e+01
5.357269809963042206e+01
5.357270177587978566e+01
5.357270542648959832e+01
5.357270905154761209e+01
5.357271265114955128e+01
5.357271622539915512e+01
5.357271977440815647e+01
5.357272329829628177e+01
5.357272679719125819e+01
5.357273027122879228e+01
5.357273372055261262e+01
5.357273714531442721e+01
5.357274054567393762e+01
5.357274392179886036e+01
5.357274727386488422e+01
5.357275060205572004e+01
5.357275390656304381e+01
5.357275718758656069e+01
5.357276044533394810e+01
5.357276368002089129e+01
5.357276689187106911e+01
5.357277008111615402e+01
5.357277324799581919e+01
5.357277639275773851e+01
5.357277951565755814e+01
5.357278261695896049e+01
5.357278569693357895e+01
5.357278875586109024e+01
5.357279179402912206e+01
5.357279481173333124e+01
5.357279780927735402e+01
5.357280078697283443e+01
5.357280374513940302e+01
5.357280668410468394e+01
5.357280960420431626e+01
5.357281250578191845e+01
5.357281538918910258e+01
5.357281825478549564e+01
5.357282110293869692e+01
5.357282393402432774e+01
5.357282674842598169e+01
5.357282954653526730e+01
5.357283232875177958e+01
5.357283509548310718e+01
5.357283784714484653e+01
5.357284058416057348e+01
5.357284330696188590e+01
5.357284601598834684e+01
5.357284871168754137e+01
5.357285139319681377e+01
5.357285405817660973e+01
5.357285670652883880e+01
5.357285933821970048e+01
5.357286195322053146e+01
5.357286455150781279e+01
5.357286713306319115e+01
5.357286969787343622e+01
5.357287224593048336e+01
5.357287477723141222e+01
5.357287729177844682e+01
5.357287978957896257e+01
5.357288227064548636e+01
5.357288473499568937e+01
5.357288718265238714e+01
5.357288961364354662e+01
5.357289202800228622e+01
5.357289442576686156e+01
5.357289680698069390e+01
5.357289917169234172e+01
5.357290151995551497e+01
5.357290385182906078e+01
5.357290616737698485e+01
5.357290846666844431e+01
5.357291074977773349e+01
5.357291301678430528e+01
5.357291526777275692e+01
5.357291750283282994e+01
5.357291972205941732e+01
5.357292192555256349e+01
5.357292411341744298e+01
5.357292628576441729e+01
5.357292844270894960e+01
5.357293058437167588e+01
5.357293271087839059e+01
5.357293482236001125e+01
5.357293691895261389e+01
5.357293900079743310e+01
5.357294106804084066e+01
5.357294312083435273e+01
5.357294515933463686e+01
5.357294718370351916e+01
5.357294919410796297e+01
5.357295119072007594e+01
5.357295317371713139e+01
5.357295514328152564e+01
5.357295709960082775e+01
5.357295904286774402e+01
5.357296097328012507e+01
5.357296289104097298e+01
5.357296479635843411e+01
5.357296668944582052e+01
5.357296857052156724e+01
5.357297043980927498e+01
5.357297229753768164e+01
5.357297414394068369e+01
5.357297597925732191e+01
5.357297780373177432e+01
5.357297961761338456e+01
5.357298142115663353e+01
5.357298321462115354e+01
5.357298499827172833e+01
5.357298677237827178e+01
5.357298853721587761e+01
5.357299029305387705e+01
5.357299203895443185e+01
5.357299377415036901e+01
5.357299549861387788e+01
5.357299721232038081e+01
5.357299891524851887e+01
5.357300060738015901e+01
5.357300228870040826e+01
5.357300395919759239e+01
5.357300561886324886e+01
5.357300726769217647e+01
5.357300890568236440e+01
5.357301053283505610e+01
5.357301214915470666e+01
5.357301375464900417e+01
5.357301534932885545e+01
5.357301693320840030e+01
5.357301850630501150e+01
5.357302006863928057e+01
5.357302162023502490e+01
5.357302316111928775e+01
5.357302469132235245e+01
5.357302621087771399e+01
5.357302771982209322e+01
5.357302921819545816e+01
5.357303070604097428e+01
5.357303218340505424e+01
5.357303365033733655e+01
5.357303510689068560e+01
5.357303655312117741e+01
5.357303798908813519e+01
5.357303941485409382e+01
5.357304083048482823e+01
5.357304223604932503e+01
5.357304363161981797e+01
5.357304501727174539e+01
5.357304639308379279e+01
5.357304775913785022e+01
5.357304911551905491e+01
5.357305046231575574e+01
5.357305179961954167e+01
5.357305312752522752e+01
5.357305444613083267e+01
5.357305575553763077e+01
5.357305705585011424e+01
5.357305834717599424e+01
5.357305962962621493e+01
5.357306090331494630e+01
5.357306216835958423e+01
5.357306342488075046e+01
5.357306467300230679e+01
5.357306591285131958e+01
5.357306714455809526e+01
5.357306836825616614e+01
5.357306958408229036e+01
5.357307079217645196e+01
5.357307199268185371e+01
5.357307318574495270e+01
5.357307437151539631e+01
5.357307555014607914e+01
5.357307672179312874e+01
5.357307788661588432e+01
5.357307904477691096e+01
5.357308019644202091e+01
5.357308134178023096e+01
5.357308248096379799e+01
5.357308361416819764e+01
5.357308474157213851e+01
5.357308586335755507e+01
5.357308697946778153e+01
5.357308808934123334e+01
5.357308919288313831e+01
5.357309029003015155e+01
5.357309138072225352e+01
5.357309246490270738e+01
5.357309354251807321e+01
5.357309461351821511e+01
5.357309567785627991e+01
5.357309673548871842e+01
5.357309778637527842e+01
5.357309883047900456e+01
5.357309986776623845e+01
5.357310089820661148e+01
5.357310192177305197e+01
5.357310293844178517e+01
5.357310394819234034e+01
5.357310495100754366e+01
5.357310594687348981e+01
5.357310693577961302e+01
5.357310791771860892e+01
5.357310889268647713e+01
5.357310986068252845e+01
5.357311082170935634e+01
5.357311177577285122e+01
5.357311272288220039e+01
5.357311366304989519e+01
5.357311459629170969e+01
5.357311552262672194e+01
5.357311644207729984e+01
5.357311735466912950e+01
5.357311826043115843e+01
5.357311915939565239e+01
5.357312005159818113e+01
5.357312093707758294e+01
5.357312181587601430e+01
5.357312268803892152e+01
5.357312355361504785e+01
5.357312441265642633e+01
5.357312526521839402e+01
5.357312611135958491e+01
5.357312695114192280e+01
5.357312778463063552e+01
5.357312861189423359e+01
5.357312943300453867e+01
5.357313024803665513e+01
5.357313105706899847e+01
5.357313186018326689e+01
5.357313265746446262e+01
5.357313344900087770e+01
5.357313423488411530e+01
5.357313501520904708e+01
5.357313579007387006e+01
5.357313655958005683e+01
5.357313732383239113e+01
5.357313808293893942e+01
5.357313883701107216e+01
5.357313958616345673e+01
5.357314033051405744e+01
5.357314107018412130e+01
5.357314180529820646e+01
5.357314253598416087e+01
5.357314326237313651e+01
5.357314398459956806e+01
5.357314470280120133e+01
5.357314541711906486e+01
5.357314612769748408e+01
5.357314683468409555e+01
5.357314753822981146e+01
5.357314823848885510e+01
5.357314893561874669e+01
5.357314962978028916e+01
5.357315032113759656e+01
5.357315100985806566e+01
5.357315169611239725e+01
5.357315238007458902e+01
5.357315306171719271e+01
5.357315374064732794e+01
5.357315441670652945e+01
5.357315508974898677e+01
5.357315575963416165e+01
5.357315642622675966e+01
5.357315708939676568e+01
5.357315774901940131e+01
5.357315840497516746e+01
5.357315905714982307e+01
5.357315970543437800e+01
5.357316034972510010e+01
5.357316098992352238e+01
5.357316162593645004e+01
5.357316225767591789e+01
5.357316288505924717e+01
5.357316350800901006e+01
5.357316412645302961e+01
5.357316474032440823e+01
5.357316534956149212e+01
5.357316595410788551e+01
5.357316655391246485e+01
5.357316714892935750e+01
5.357316773911794883e+01
5.357316832444289645e+01
5.357316890487410177e+01
5.357316948038673843e+01
5.357317005096122386e+01
5.357317061658326196e+01
5.357317117724378619e+01
5.357317173293900936e+01
5.357317228367040229e+01
5.357317282944468673e+01
5.357317337027384241e+01
5.357317390617512842e+01
5.357317443717104055e+01
5.357317496328934681e+01
5.357317548456307321e+01
5.357317600103050381e+01
5.357317651273518067e+01
5.357317701972590385e+01
5.357317752205675276e+01
5.357317801978702931e+01
5.357317851298133604e+01
5.357317900170950509e+01
5.357317948604663371e+01
5.357317996607309851e+01
5.357318044187451278e+01
5.357318091354175493e+01
5.357318138117096851e+01
5.357318184486355506e+01
5.357318230472618126e+01
5.357318276087075759e+01
5.357318321341446676e+01
5.357318366247974950e+01
5.357318410819430454e+01
5.357318455069108865e+01
5.357318499010832369e+01
5.357318542658948957e+01
5.357318586028331708e+01
5.357318629134380927e+01
5.357318671993022008e+01
5.357318714620706857e+01
5.357318757034413181e+01
5.357318799251644492e+01
5.357318841290430811e+01
5.357318883169326540e+01
5.357318924907414726e+01
5.357318966524302084e+01
5.357319008040121844e+01
5.357319049475534456e+01
5.357319090851724042e+01
5.357319132190402655e+01
5.357319173513807442e+01
5.357319214844702060e+01
5.357319256206375258e+01
5.357319297622643006e+01
5.357319339117846368e+01
5.357319380711768275e+01
5.357319422292738409e+01
5.357319463789882263e+01
5.357319505182123720e+01
5.357319546449136993e+01
5.357319587571347341e+01
5.357319628529932487e+01
5.357319669306820487e+01
5.357319709884692571e+01
5.357319750246978174e+01
5.357319790377861324e+01
5.357319830262274962e+01
5.357319869885905206e+01
5.357319909235188504e+01
5.357319948297313061e+01
5.357319987060218125e+01
5.357320025512593986e+01
5.357320063643883401e+01
5.357320101444280169e+01
5.357320138904728424e+01
5.357320176016924052e+01
5.357320212773315404e+01
5.357320249167101878e+01
5.357320285192231779e+01
5.357320320843408723e+01
5.357320356116084525e+01
5.357320391006464178e+01
5.357320425511502293e+01
5.357320459628907372e+01
5.357320493357137536e+01
5.357320526695401242e+01
5.357320559643660829e+01
5.357320592202628973e+01
5.357320624373767970e+01
5.357320656159294714e+01
5.357320687562175010e+01
5.357320718586127128e+01
5.357320749235619672e+01
5.357320779515873710e+01
5.357320809432861353e+01
5.357320838993305046e+01
5.357320868204680409e+01
5.357320897075213395e+01
5.357320925613881002e+01
5.357320953830412691e+01
5.357320981735287546e+01
5.357321009339737827e+01
5.357321036655746127e+01
5.357321063696046792e+01
5.357321090474125214e+01
5.357321117004218536e+01
5.357321143301314237e+01
5.357321169381152259e+01
5.357321195260224300e+01
5.357321220955772390e+01
5.357321246485789601e+01
5.357321271869021473e+01
5.357321297124963877e+01
5.357321322273865860e+01
5.357321347336725381e+01
5.357321372335292864e+01
5.357321397292070486e+01
5.357321422230311470e+01
5.357321447174020790e+01
5.357321472147953045e+01
5.357321497177617431e+01
5.357321522289270632e+01
5.357321547509923221e+01
5.357321572867337522e+01
5.357321598390024775e+01
5.357321624107250102e+01
5.357321650049028250e+01
5.357321676246126430e+01
5.357321702666187235e+01
5.357321729058337922e+01
5.357321755379801687e+01
5.357321781615450362e+01
5.357321807750770404e+01
5.357321833771861463e+01
5.357321859665437813e+01
5.357321885418826923e+01
5.357321911019970884e+01
5.357321936457424982e+01
5.357321961720359837e+01
5.357321986798559266e+01
5.357322011682419571e+01
5.357322036362953099e+01
5.357322060831785393e+01
5.357322085081155194e+01
5.357322109103917285e+01
5.357322132893536804e+01
5.357322156444097061e+01
5.357322179750291724e+01
5.357322202807431211e+01
5.357322225611437005e+01
5.357322248158847344e+01
5.357322270446812240e+01
5.357322292473097036e+01
5.357322314236080274e+01
5.357322335734755114e+01
5.357322356968727917e+01
5.357322377938218949e+01
5.357322398644063099e+01
5.357322419087708454e+01
5.357322439271218428e+01
5.357322459197268216e+01
5.357322478869148341e+01
5.357322498290763235e+01
5.357322517466630529e+01
5.357322536401883184e+01
5.357322555102267359e+01
5.357322573574141700e+01
5.357322591824480895e+01
5.357322609860872831e+01
5.357322627691519301e+01
5.357322645325235300e+01
5.357322662771451860e+01
5.357322680040211083e+01
5.357322697142171819e+01
5.357322714088603988e+01
5.357322730891394968e+01
5.357322747563041787e+01
5.357322764116659641e+01
5.357322780565974796e+01
5.357322796925328134e+01
5.357322813209675871e+01
5.357322829434585998e+01
5.357322845616241835e+01
5.357322861771439904e+01
5.357322877917591342e+01
5.357322894072721198e+01
5.357322910255467718e+01
5.357322926485084480e+01
5.357322942781436126e+01
5.357322959165004761e+01
5.357322975656884978e+01
5.357322992278783858e+01
5.357323009053024521e+01
5.357323026002543287e+01
5.357323043050064371e+01
5.357323060054466879e+01
5.357323077005494838e+01
5.357323093894348176e+01
5.357323110712587066e+01
5.357323127452136902e+01
5.357323144105284740e+01
5.357323160664681438e+01
5.357323177123340230e+01
5.357323193474636724e+01
5.357323209712311751e+01
5.357323225830466384e+01
5.357323241823566917e+01
5.357323257686441309e+01
5.357323273414280607e+01
5.357323289002640365e+01
5.357323304447436385e+01
5.357323319744949686e+01
5.357323334891822952e+01
5.357323349885064090e+01
5.357323364722040537e+01
5.357323379400484953e+01
5.357323393918493082e+01
5.357323408274522336e+01
5.357323422467395346e+01
5.357323436496294988e+01
5.357323450360768646e+01
5.357323464060726081e+01
5.357323477596441563e+01
5.357323490968550317e+01
5.357323504178052076e+01
5.357323517226308240e+01
5.357323530115044719e+01
5.357323542846348374e+01
5.357323555422671291e+01
5.357323567846826506e+01
5.357323580121992279e+01
5.357323592251707112e+01
5.357323604239875436e+01
5.357323616090762641e+01
5.357323627808997202e+01
5.357323639399571391e+01
5.357323650867840570e+01
5.357323662219522475e+01
5.357323673460697222e+01
5.357323684597809432e+01
5.357323695637665395e+01
5.357323706587435908e+01
5.357323717454652723e+01
5.357323728247212102e+01
5.357323738973373395e+01
5.357323749641757615e+01
5.357323760261349577e+01
5.357323770841497179e+01
5.357323781391910700e+01
5.357323791922664924e+01
5.357323802444195593e+01
5.357323812967302956e+01
5.357323823503149640e+01
5.357323834063261359e+01
5.357323844659526202e+01
5.357323855304196059e+01
5.357323866009885194e+01
5.357323876789572381e+01
5.357323887656596639e+01
5.357323898624065350e+01
5.357323909639703174e+01
5.357323920656805427e+01
5.357323931667104944e+01
5.357323942662620198e+01
5.357323953635655300e+01
5.357323964578799291e+01
5.357323975484928269e+01
5.357323986347201838e+01
5.357323997159065954e+01
5.357324007914252206e+01
5.357324018606777827e+01
5.357324029230945683e+01
5.357324039781343572e+01
5.357324050252844927e+01
5.357324060640609531e+01
5.357324070940080674e+01
5.357324081146989414e+01
5.357324091257351739e+01
5.357324101267467853e+01
5.357324111173925019e+01
5.357324120973594717e+01
5.357324130663636197e+01
5.357324140241490795e+01
5.357324149704888328e+01
5.357324159051842116e+01
5.357324168280653254e+01
5.357324177389905628e+01
5.357324186378470898e+01
5.357324195245504939e+01
5.357324203990449973e+01
5.357324212613032444e+01
5.357324221113265139e+01
5.357324229491447909e+01
5.357324237748162687e+01
5.357324245884279890e+01
5.357324253900954858e+01
5.357324261799626441e+01
5.357324269582021259e+01
5.357324277250150857e+01
5.357324284806312420e+01
5.357324292253087350e+01
5.357324299593344108e+01
5.357324306830236793e+01
5.357324313967203722e+01
5.357324321007968848e+01
5.357324327956542476e+01
5.357324334817221256e+01
5.357324341594584638e+01
5.357324348293499128e+01
5.357324354919118292e+01
5.357324361476877783e+01
5.357324367972502444e+01
5.357324374411999202e+01
5.357324380801662755e+01
5.357324387148073441e+01
5.357324393458095102e+01
5.357324399738879350e+01
5.357324405997861305e+01
5.357324412242763145e+01
5.357324418481592687e+01
5.357324424722641254e+01
5.357324430974487939e+01
5.357324437245996052e+01
5.357324443546314541e+01
5.357324449884878703e+01
5.357324456271408764e+01
5.357324462715909874e+01
5.357324469228672825e+01
5.357324475820276177e+01
5.357324482501580576e+01
5.357324489283733726e+01
5.357324496178170392e+01
5.357324503196422683e+01
5.357324510322797551e+01
5.357324517531833408e+01
5.357324524810537980e+01
5.357324532146314766e+01
5.357324539526964458e+01
5.357324546940683518e+01
5.357324554376064185e+01
5.357324561822096598e+01
5.357324569268166670e+01
5.357324576704056085e+01
5.357324584119944433e+01
5.357324591506407785e+01
5.357324598854415854e+01
5.357324606155338387e+01
5.357324613400939484e+01
5.357324620583380437e+01
5.357324627695218311e+01
5.357324634729407364e+01
5.357324641679299049e+01
5.357324648538638456e+01
5.357324655301570004e+01
5.357324661962633883e+01
5.357324668516765342e+01
5.357324674959297539e+01
5.357324681285960111e+01
5.357324687492877757e+01
5.357324693576573793e+01
5.357324699533965173e+01
5.357324705362368178e+01
5.357324711059493438e+01
5.357324716623448779e+01
5.357324722052739219e+01
5.357324727346265547e+01
5.357324732503324327e+01
5.357324737523609315e+01
5.357324742407211460e+01
5.357324747154616063e+01
5.357324751766707038e+01
5.357324756244764075e+01
5.357324760590462631e+01
5.357324764805874651e+01
5.357324768893469980e+01
5.357324772856113526e+01
5.357324776697066682e+01
5.357324780419988031e+01
5.357324784028932640e+01
5.357324787528350640e+01
5.357324790923090063e+01
5.357324794218394715e+01
5.357324797419905593e+01
5.357324800533659470e+01
5.357324803566088889e+01
5.357324806524025007e+01
5.357324809414692623e+01
5.357324812245715862e+01
5.357324815025112486e+01
5.357324817761299585e+01
5.357324820463087889e+01
5.357324823139687453e+01
5.357324825800701262e+01
5.357324828456132337e+01
5.357324831116378050e+01
5.357324833792232965e+01
5.357324836494887421e+01
5.357324839235928948e+01
5.357324842027340850e+01
5.357324844881503623e+01
5.357324847811194246e+01
5.357324850829584761e+01
5.357324853950245114e+01
5.357324857187141731e+01
5.357324860554636814e+01
5.357324864067489045e+01
5.357324867740853591e+01
5.357324871590282100e+01
5.357324875631723415e+01
5.357324879881521440e+01
5.357324884356417982e+01
5.357324889073549912e+01
5.357324894021950712e+01
5.357324899064701640e+01
5.357324904169622215e+01
5.357324909323327944e+01
5.357324914512928871e+01
5.357324919726026025e+01
5.357324924950717104e+01
5.357324930175589373e+01
5.357324935389725340e+01
5.357324940582701345e+01
5.357324945744584710e+01
5.357324950865938717e+01
5.357324955937818345e+01
5.357324960951771686e+01
5.357324965899840663e+01
5.357324970774560313e+01
5.357324975568958791e+01
5.357324980276557369e+01
5.357324984891371855e+01
5.357324989407909044e+01
5.357324993821170978e+01
5.357324998126651394e+01
5.357325002320339280e+01
5.357325006398714606e+01
5.357325010358752593e+01
5.357325014197919444e+01
5.357325017914178034e+01
5.357325021505980089e+01
5.357325024972274718e+01
5.357325028312502013e+01
5.357325031526595893e+01
5.357325034614982684e+01
5.357325037578583249e+01
5.357325040418811568e+01
5.357325043137574738e+01
5.357325045737271552e+01
5.357325048220796759e+01
5.357325050591536097e+01
5.357325052853369840e+01
5.357325055010670667e+01
5.357325057068305796e+01
5.357325059031634851e+01
5.357325060906509862e+01
5.357325062699277396e+01
5.357325064416777138e+01
5.357325066066341890e+01
5.357325067655797568e+01
5.357325069193462497e+01
5.357325070688150248e+01
5.357325072149165379e+01
5.357325073586308406e+01
5.357325075009870119e+01
5.357325076430636557e+01
5.357325077859886164e+01
5.357325079309391214e+01
5.357325080791417093e+01
5.357325082318722309e+01
5.357325083904558483e+01
5.357325085562670353e+01
5.357325087307295775e+01
5.357325089153167852e+01
5.357325091115509963e+01
5.357325093210040734e+01
5.357325095452970487e+01
5.357325097861005503e+01
5.357325100451342337e+01
5.357325103241672792e+01
5.357325106250180369e+01
5.357325109480441938e+01
5.357325112802082145e+01
5.357325116172677326e+01
5.357325119582418438e+01
5.357325123021858104e+01
5.357325126481904931e+01
5.357325129953827769e+01
5.357325133429255715e+01
5.357325136900174556e+01
5.357325140358931748e+01
5.357325143798232148e+01
5.357325147211139438e+01
5.357325150591076834e+01
5.357325153931827799e+01
5.357325157227532486e+01
5.357325160472692716e+01
5.357325163662167000e+01
5.357325166791174098e+01
5.357325169855292302e+01
5.357325172850458017e+01
5.357325175772966475e+01
5.357325178619473149e+01
5.357325181386991630e+01
5.357325184072895041e+01
5.357325186674915329e+01
5.357325189191143977e+01
5.357325191620029869e+01
5.357325193960383558e+01
5.357325196211372287e+01
5.357325198372524255e+01
5.357325200443725066e+01
5.357325202425220567e+01
5.357325204317614720e+01
5.357325206121871730e+01
5.357325207839313208e+01
5.357325209471622429e+01
5.357325211020837941e+01
5.357325212489361377e+01
5.357325213879950354e+01
5.357325215195723445e+01
5.357325216440157334e+01
5.357325217617088242e+01
5.357325218730710503e+01
5.357325219785577985e+01
5.357325220786605513e+01
5.357325221739063892e+01
5.357325222648584884e+01
5.357325223521158364e+01
5.357325224363134453e+01
5.357325225181220674e+01
5.357325225982484795e+01
5.357325226774354121e+01
5.357325227564614067e+01
5.357325228361408165e+01
5.357325229173241610e+01
5.357325230008975581e+01
5.357325230877833633e+01
5.357325231789395303e+01
5.357325232753601085e+01
5.357325233780750295e+01
5.357325234881501075e+01
5.357325236066869678e+01
5.357325237348232605e+01
5.357325238737325179e+01
5.357325240246242259e+01
5.357325241887436107e+01
5.357325243673719939e+01
5.357325245618265086e+01
5.357325247731444762e+01
5.357325249952106105e+01
5.357325252244332603e+01
5.357325254598168840e+01
5.357325257003990515e+01
5.357325259452495914e+01
5.357325261934713723e+01
5.357325264441996637e+01
5.357325266966026334e+01
5.357325269498809206e+01
5.357325272032680630e+01
5.357325274560301409e+01
5.357325277074659198e+01
5.357325279569069210e+01
5.357325282037172798e+01
5.357325284472938165e+01
5.357325286870661074e+01
5.357325289224963427e+01
5.357325291530793976e+01
5.357325293783428322e+01
5.357325295978468915e+01
5.357325298111845058e+01
5.357325300179813610e+01
5.357325302178956150e+01
5.357325304106183239e+01
5.357325305958731576e+01
5.357325307734164710e+01
5.357325309430372329e+01
5.357325311045570970e+01
5.357325312578305443e+01
5.357325314027446694e+01
5.357325315392191101e+01
5.357325316672063309e+01
5.357325317866914105e+01
5.357325318976922546e+01
5.357325320002592406e+01
5.357325320944755020e+01
5.357325321804569285e+01
5.357325322583520943e+01
5.357325323283420460e+01
5.357325323906407988e+01
5.357325324454948401e+01
5.357325324931834132e+01
5.357325325340185174e+01
5.357325325683446948e+01
5.357325325965392437e+01
5.357325326190121473e+01
5.357325326362060025e+01
5.357325326485962336e+01
5.357325326566908075e+01
5.357325326610303762e+01
5.357325326621884187e+01
5.357325326607709570e+01
5.357325326574166979e+01
5.357325326527970333e+01
5.357325326476161820e+01
5.357325326426108347e+01
5.357325326385504383e+01
5.357325326362372664e+01
5.357325326365060647e+01
5.357325326402243348e+01
5.357325326482922634e+01
5.357325326616427930e+01
5.357325326812414090e+01
5.357325327080864241e+01
5.357325327432086226e+01
5.357325327876717580e+01
5.357325328425720556e+01
5.357325329090384969e+01
5.357325329882326770e+01
5.357325330813489472e+01
5.357325331896143439e+01
5.357325333142885171e+01
5.357325334566638730e+01
5.357325336179894038e+01
5.357325337951572664e+01
5.357325339848787138e+01
5.357325341856983414e+01
5.357325343962054376e+01
5.357325346150344814e+01
5.357325348408647159e+01
5.357325350724202906e+01
5.357325353084702613e+01
5.357325355478286610e+01
5.357325357893544293e+01
5.357325360319514118e+01
5.357325362745683606e+01
5.357325365161988628e+01
5.357325367558814833e+01
5.357325369926998349e+01
5.357325372257821527e+01
5.357325374543019336e+01
5.357325376774772252e+01
5.357325378945712657e+01
5.357325381048921287e+01
5.357325383077927228e+01
5.357325385026709341e+01
5.357325386889695551e+01
5.357325388661762844e+01
5.357325390338237980e+01
5.357325391914896073e+01
5.357325393387961299e+01
5.357325394754107606e+01
5.357325396010458007e+01
5.357325397154583158e+01
5.357325398184505616e+01
5.357325399098694163e+01
5.357325399896069484e+01
5.357325400575998486e+01
5.357325401138299981e+01
5.357325401583240421e+01
5.357325401911534613e+01
5.357325402124349267e+01
5.357325402223296607e+01
5.357325402210441467e+01
5.357325402088294908e+01
5.357325401859819891e+01
5.357325401528425601e+01
5.357325401097972417e+01
5.357325400572769780e+01
5.357325399957574774e+01
5.357325399257594967e+01
5.357325398478486989e+01
5.357325397626355823e+01
5.357325396707756227e+01
5.357325395729692019e+01
5.357325394699616083e+01
5.357325393625430365e+01
5.357325392515485873e+01
5.357325391378582680e+01
5.357325390223970629e+01
5.357325389061347920e+01
5.357325387900861813e+01
5.357325386753110763e+01
5.357325385629138736e+01
5.357325384540441604e+01
5.357325383498964300e+01
5.357325382517098689e+01
5.357325381607688541e+01
5.357325380784025270e+01
5.357325380059848641e+01
5.357325379449349612e+01
5.357325378967166074e+01
5.357325378628387824e+01
5.357325378448550168e+01
5.357325378443641029e+01
5.357325378630095969e+01
5.357325379024798906e+01
5.357325379645083530e+01
5.357325380508734014e+01
5.357325381633980754e+01
5.357325383039506761e+01
5.357325384737534080e+01
5.357325386641818454e+01
5.357325388705164926e+01
5.357325390907644191e+01
5.357325393229978516e+01
5.357325395653539601e+01
5.357325398160349295e+01
5.357325400733080301e+01
5.357325403355056892e+01
5.357325406010252777e+01
5.357325408683291812e+01
5.357325411359449419e+01
5.357325414024651167e+01
5.357325416665472773e+01
5.357325419269140099e+01
5.357325421823531286e+01
5.357325424317172491e+01
5.357325426739242857e+01
5.357325429079569545e+01
5.357325431328632703e+01
5.357325433477560495e+01
5.357325435518134071e+01
5.357325437442783311e+01
5.357325439244588949e+01
5.357325440917283288e+01
5.357325442455247355e+01
5.357325443853513747e+01
5.357325445107766626e+01
5.357325446214337461e+01
5.357325447170211419e+01
5.357325447973023103e+01
5.357325448621057262e+01
5.357325449113248794e+01
5.357325449449184163e+01
5.357325449629099978e+01
5.357325449653882998e+01
5.357325449525071548e+01
5.357325449244851967e+01
5.357325448816063584e+01
5.357325448242195876e+01
5.357325447527387752e+01
5.357325446676428982e+01
5.357325445694760901e+01
5.357325444588474284e+01
5.357325443364310047e+01
5.357325442029659968e+01
5.357325440592568100e+01
5.357325439061725803e+01
5.357325437446477423e+01
5.357325435756816745e+01
5.357325434003388409e+01
5.357325432197487913e+01
5.357325430351059481e+01
5.357325428476700324e+01
5.357325426587656381e+01
5.357325424697825156e+01
5.357325422821753591e+01
5.357325420974640195e+01
5.357325419172332914e+01
5.357325417431331971e+01
5.357325415768785604e+01
5.357325414202494329e+01
5.357325412750908811e+01
5.357325411433130569e+01
5.357325410268909849e+01
5.357325409278649886e+01
5.357325408483403351e+01
5.357325407904872350e+01
5.357325407565410558e+01
5.357325407488023217e+01
5.357325407696363584e+01
5.357325408214737195e+01
5.357325409068099731e+01
5.357325410282057021e+01
5.357325411882866462e+01
5.357325413754296051e+01
5.357325415742592867e+01
5.357325417830231373e+01
5.357325420000343286e+01
5.357325422236687729e+01
5.357325424523653368e+01
5.357325426846255567e+01
5.357325429190141364e+01
5.357325431541583072e+01
5.357325433887484678e+01
5.357325436215375447e+01
5.357325438513417026e+01
5.357325440770395630e+01
5.357325442975729857e+01
5.357325445119463581e+01
5.357325447192271639e+01
5.357325449185455568e+01
5.357325451090947865e+01
5.357325452901307727e+01
5.357325454609723181e+01
5.357325456210010373e+01
5.357325457696616411e+01
5.357325459064613682e+01
5.357325460309706244e+01
5.357325461428223434e+01
5.357325462417126971e+01
5.357325463274003852e+01
5.357325463997072035e+01
5.357325464585175467e+01
5.357325465037789769e+01
5.357325465355017258e+01
5.357325465537588371e+01
5.357325465586863800e+01
5.357325465504831641e+01
5.357325465294108824e+01
5.357325464957941108e+01
5.357325464500201662e+01
5.357325463925395326e+01
5.357325463238650798e+01
5.357325462445729869e+01
5.357325461553021029e+01
5.357325460567540176e+01
5.357325459496933462e+01
5.357325458349474445e+01
5.357325457134067648e+01
5.357325455860242869e+01
5.357325454538160869e+01
5.357325453178609109e+01
5.357325451793006010e+01
5.357325450393396693e+01
5.357325448992455819e+01
5.357325447603485458e+01
5.357325446240417932e+01
5.357325444917812263e+01
5.357325443650858432e+01
5.357325442455371700e+01
5.357325441347799710e+01
5.357325440345216094e+01
5.357325439465323313e+01
5.357325438726453370e+01
5.357325438147566388e+01
5.357325437748250607e+01
5.357325437548723812e+01
5.357325437569831195e+01
5.357325437833048198e+01
5.357325438360476966e+01
5.357325439174848469e+01
5.357325440298907182e+01
5.357325441607049044e+01
5.357325442983619013e+01
5.357325444417389093e+01
5.357325445897547667e+01
5.357325447413703046e+01
5.357325448955879921e+01
5.357325450514522203e+01
5.357325452080491601e+01
5.357325453645067626e+01
5.357325455199947584e+01
5.357325456737248714e+01
5.357325458249504635e+01
5.357325459729666051e+01
5.357325461171105019e+01
5.357325462567608554e+01
5.357325463913382890e+01
5.357325465203053483e+01
5.357325466431661454e+01
5.357325467594667856e+01
5.357325468687952252e+01
5.357325469707809873e+01
5.357325470650956589e+01
5.357325471514524651e+01
5.357325472296064817e+01
5.357325472993547066e+01
5.357325473605357757e+01
5.357325474130302467e+01
5.357325474567604573e+01
5.357325474916905250e+01
5.357325475178263474e+01
5.357325475352157440e+01
5.357325475439482432e+01
5.357325475441552243e+01
5.357325475360099176e+01
5.357325475197271913e+01
5.357325474955639066e+01
5.357325474638187046e+01
5.357325474248319352e+01
5.357325473789857995e+01
5.357325473267044202e+01
5.357325472684535583e+01
5.357325472047408965e+01
5.357325471361158264e+01
5.357325470631696618e+01
5.357325469865354250e+01
5.357325469068879897e+01
5.357325468249441514e+01
5.357325467414622722e+01
5.357325466572427075e+01
5.357325465731275216e+01
5.357325464900007006e+01
5.357325464087879396e+01
5.357325463304567847e+01
5.357325462560165619e+01
5.357325461865183769e+01
5.357325461230552577e+01
5.357325460667619410e+01
5.357325460188149435e+01
5.357325459804327750e+01
5.357325459528755829e+01
5.357325459374452947e+01
5.357325459354857600e+01
5.357325459483826080e+01
5.357325459775631771e+01
5.357325460244968696e+01
5.357325460906945835e+01
5.357325461717103110e+01
5.357325462590619480e+01
5.357325463518282760e+01
5.357325464491795231e+01
5.357325465503157602e+01
5.357325466544666170e+01
5.357325467608915659e+01
5.357325468688798509e+01
5.357325469777502747e+01
5.357325470868514117e+01
5.357325471955617502e+01
5.357325473032891949e+01
5.357325474094716355e+01
5.357325475135765203e+01
5.357325476151009980e+01
5.357325477135721314e+01
5.357325478085465420e+01
5.357325478996106227e+01
5.357325479863804674e+01
5.357325480685018704e+01
5.357325481456504690e+01
5.357325482175314590e+01
5.357325482838798791e+01
5.357325483444604686e+01
5.357325483990676673e+01
5.357325484475256161e+01
5.357325484896881562e+01
5.357325485254389719e+01
5.357325485546913768e+01
5.357325485773883855e+01
5.357325485935028553e+01
5.357325486030372019e+01
5.357325486060236130e+01
5.357325486025241190e+01
5.357325485926303088e+01
5.357325485764636852e+01
5.357325485541752386e+01
5.357325485259458020e+01
5.357325484919859804e+01
5.357325484525360082e+01
5.357325484078658917e+01
5.357325483582753378e+01
5.357325483040938252e+01
5.357325482456804622e+01
5.357325481834241998e+01
5.357325481177435478e+01
5.357325480490869296e+01
5.357325479779323274e+01
5.357325479047875660e+01
5.357325478301900290e+01
5.357325477547070847e+01
5.357325476789355889e+01
5.357325476035021694e+01
5.357325475290632966e+01
5.357325474563049994e+01
5.357325473859430787e+01
5.357325473187231779e+01
5.357325472554204993e+01
5.357325471968400876e+01
5.357325471438166176e+01
5.357325470972145354e+01
5.357325470579279880e+01
5.357325470268808232e+01
5.357325470050267313e+01
5.357325469933489615e+01
5.357325469928606054e+01
5.357325470046043847e+01
5.357325470296527925e+01
5.357325470691080938e+01
