0.000000000000000000e+00
0.000000000000000000e+00
4.847235781633377899e-03
9.444062467811152259e-03
1.380289901279481771e-02
1.793497453895598684e-02
2.184995401077128446e-02
2.555723361889947892e-02
2.906594078018143873e-02
3.238493413764018114e-02
3.552280356048082011e-02
3.848787014409062179e-02
4.128818621003895600e-02
4.393153530607733087e-02
4.642543220613935123e-02
4.877712291034079495e-02
5.099358464497952270e-02
5.308152586253554045e-02
5.504738683559360496e-02
5.689791738843411051e-02
5.863851843501225597e-02
6.027347575958078713e-02
6.180699817036890836e-02
6.324321749958228267e-02
6.458618860340301082e-02
6.583988936198964526e-02
6.700822067947716232e-02
6.809500648397705247e-02
6.910399372757719538e-02
7.003885238634195709e-02
7.090317546031210671e-02
7.170047897350492749e-02
7.243420197391409188e-02
7.310770653350975867e-02
7.372427774823851754e-02
7.428712373802341673e-02
7.479937564676393535e-02
7.526408764233605275e-02
7.568423691659215136e-02
7.606254673362344843e-02
7.640063272948054152e-02
7.669989232171318949e-02
7.696173069492681651e-02
7.718754289258999979e-02
7.737871381703442797e-02
7.753661822945490112e-02
7.766262074990938624e-02
7.775807585731892013e-02
7.782432788946770652e-02
7.786271104300306056e-02
7.787454937343543659e-02
7.786115679513841425e-02
7.782383708134865685e-02
7.776388386416602239e-02
7.768258063455343865e-02
7.758120074233700036e-02
7.746100739620589981e-02
7.732325366371245456e-02
7.716918247127213526e-02
7.700002660416352396e-02
7.681700870652831414e-02
7.662134128137135236e-02
7.641422669056058270e-02
7.619683389009469787e-02
7.596942449226973260e-02
7.573206382975283812e-02
7.548506393294956984e-02
7.522874210514025883e-02
7.496342092247990085e-02
7.468942823399826736e-02
7.440709716159983611e-02
7.411676610006384669e-02
7.381877871704421723e-02
7.351348395306965544e-02
7.320123602154354758e-02
7.288239440874405561e-02
7.255732387382402004e-02
7.222639444881107096e-02
7.188998143860750312e-02
7.154846542099040085e-02
7.120223224661154093e-02
7.085167303899744806e-02
7.049718419454936713e-02
7.013916738254327710e-02
6.977802954512989098e-02
6.941418289733465585e-02
6.904804492705773900e-02
6.868003839507402786e-02
6.831059133503315783e-02
6.794013705345949838e-02
6.756911412975213915e-02
6.719796641618487609e-02
6.682714164889026753e-02
6.645652109838617871e-02
6.608577188880541964e-02
6.571488724159930961e-02
6.534386569323084870e-02
6.497271109517480103e-02
6.460143261391762537e-02
6.423004473095751676e-02
6.385856724280436492e-02
6.348702526097980969e-02
6.311544921201717173e-02
6.274387483746153571e-02
6.237234319386966014e-02
6.200090065281006063e-02
6.162959890086294745e-02
6.125849493962026021e-02
6.088765108568566786e-02
6.051713497067453401e-02
6.014701954121395855e-02
5.977738305894275683e-02
5.940830910051146663e-02
5.903988655758233423e-02
5.867220963682934221e-02
5.830537785993816779e-02
5.793949606360623839e-02
5.757467439954266908e-02
5.721102833446833208e-02
5.684867865011577343e-02
5.648775144322929626e-02
5.612837812556489836e-02
5.577069542389030687e-02
5.541484537998497134e-02
5.506097535064005677e-02
5.470923800765845058e-02
5.435979133785475564e-02
5.401279864305527645e-02
5.366842708801321249e-02
5.332638168979150772e-02
5.298631287016173502e-02
5.264817775385498277e-02
5.231193578504142461e-02
5.197754872733036102e-02
5.164498066377015695e-02
5.131419799684827643e-02
5.098516944849128263e-02
5.065786606006483089e-02
5.033226119237368956e-02
5.000833052566169140e-02
4.968605205961179605e-02
4.936540611334602757e-02
4.904637532542552303e-02
4.872894465385051860e-02
4.841310137606032876e-02
4.809883508893338100e-02
4.778613770878718109e-02
4.747500347137834087e-02
4.716542893190256436e-02
4.685741296499465469e-02
4.655095676472849331e-02
4.624606384461708158e-02
4.594274003761249225e-02
4.564099349610591105e-02
4.534083469192761590e-02
4.504227641634696994e-02
4.474533378007243545e-02
4.445002421325156688e-02
4.415636746547103170e-02
4.386438560575656870e-02
4.357410302257302276e-02
4.328554642382433093e-02
4.299874483685353632e-02
4.271372960844276034e-02
4.243053440481321659e-02
4.214919521162523858e-02
4.186975033397824508e-02
4.159224039641071929e-02
4.131670834290029903e-02
4.104319943686365185e-02
4.077176126115658605e-02
4.050244371807400212e-02
4.023529902934985802e-02
3.997037942702409696e-02
3.970745577426696565e-02
3.944632860978760508e-02
3.918697171850250849e-02
3.892935961478999340e-02
3.867346754249020857e-02
3.841927147490512007e-02
3.816674811479853907e-02
3.791587489439611491e-02
3.766662997538527957e-02
3.741899224891535869e-02
3.717294133559744668e-02
3.692845758550450386e-02
3.668552207817130789e-02
3.644411662259446072e-02
3.620422375723240244e-02
3.596582675000538354e-02
3.572890959829549962e-02
3.549345702894669136e-02
3.525945449826468209e-02
3.502688819201706105e-02
3.479574502543324177e-02
3.456601264320444122e-02
3.433767941948374230e-02
3.411073445788602443e-02
3.388516759148801211e-02
3.366096938282826107e-02
3.343813112390714437e-02
3.321664483618687325e-02
3.299650327059147625e-02
3.277769990750682011e-02
3.256022895678060969e-02
3.234408535772234639e-02
3.212926477910340445e-02
3.191576361915694077e-02
3.170357900557797121e-02
3.149270879552334285e-02
3.128315157561170623e-02
3.107490666192356046e-02
3.086797410000122546e-02
3.066235466484885236e-02
3.045804986093243391e-02
3.025506192217975940e-02
3.005339381198048054e-02
2.985304922318605253e-02
2.965403257810977217e-02
2.945634902852677095e-02
2.926000445567399078e-02
2.906500547025021863e-02
2.887135941241605885e-02
2.867907435179394698e-02
2.848815908746816020e-02
2.829862314798478259e-02
2.811047679135173991e-02
2.792373100503878908e-02
2.773839750597750439e-02
2.755448874056130870e-02
2.737201788464541791e-02
2.719099884354692423e-02
2.701140072073484819e-02
2.683309145557841169e-02
2.665604588448121717e-02
2.648024694965252571e-02
2.630567792646388431e-02
2.613232242344907738e-02
2.596016438230418222e-02
2.578918807788754125e-02
2.561937811821973776e-02
2.545071944448365833e-02
2.528319733102441652e-02
2.511679738534942571e-02
2.495150554812835403e-02
2.478730809319312084e-02
2.462419162753793841e-02
2.446214309131926334e-02
2.430114975785583470e-02
2.414119923362864975e-02
2.398227945828096744e-02
2.382437870461832571e-02
2.366748557860851726e-02
2.351158901938160684e-02
2.335667829922993127e-02
2.320274302360807867e-02
2.304977313113292306e-02
2.289775889358357935e-02
2.274669091590144840e-02
2.259656013619020659e-02
2.244735782571576077e-02
2.229907558890632802e-02
2.215170536335234891e-02
2.200523941980656734e-02
2.185967036218397150e-02
2.171499112756181821e-02
2.157119498617964676e-02
2.142827554143923730e-02
2.128622672990465592e-02
2.114504282130223733e-02
2.100471841852055710e-02
2.086524845761049060e-02
2.072662820778515408e-02
2.058885327141993932e-02
2.045191958405251018e-02
2.031582341438278524e-02
2.018056136427296560e-02
2.004613036874750009e-02
1.991252769599311315e-02
1.977975094735880471e-02
1.964779805735581558e-02
1.951666729365768641e-02
1.938635725710019519e-02
1.925686688168139898e-02
1.912819543456163035e-02
1.900034251606346272e-02
1.887330805967176589e-02
1.874709233203365397e-02
1.862169593295850967e-02
1.849711979541800166e-02
1.837336518554603948e-02
1.825043370263881859e-02
1.812832727915478920e-02
1.800704818071466318e-02
1.788659900610144182e-02
1.776698268726037075e-02
1.764820248929897112e-02
1.753026201048701882e-02
1.741316518225657917e-02
1.729691626920196873e-02
1.718151986907976575e-02
1.706698091280882401e-02
1.695330466447026591e-02
1.684049672130747549e-02
1.672856301372609850e-02
1.661750980529404925e-02
1.650734369274152805e-02
1.639807160596096214e-02
1.628970080800707515e-02
1.618223889509686278e-02
1.607569379660955464e-02
1.597004853806771943e-02
1.586523670863907581e-02
1.576123725487263774e-02
1.565803198434552110e-02
1.555560316375062882e-02
1.545393351889668733e-02
1.535300623470821531e-02
1.525280495522555319e-02
1.515331378360484406e-02
1.505451728211803369e-02
1.495640047215288267e-02
1.485894883421294901e-02
1.476214830791760906e-02
1.466598529200204178e-02
1.457044664431723924e-02
1.447551968182998229e-02
1.438119218062287874e-02
1.428745237589433732e-02
1.419428896195857638e-02
1.410169109224562213e-02
1.400964837930129651e-02
1.391815089478724149e-02
1.382718916948090168e-02
1.373675419327553479e-02
1.364683741518020466e-02
1.355743074331976911e-02
1.346852654493490425e-02
1.338011764638210102e-02
1.329219733313364259e-02
1.320475934977763735e-02
1.311779790001797730e-02
1.303130764667437963e-02
1.294528371168236422e-02
1.285972167609326054e-02
1.277461758007420768e-02
1.268996792290813524e-02
1.260576966299380153e-02
1.252202021784576055e-02
1.243871746409437942e-02
1.235585973748583484e-02
1.227344583288209230e-02
1.219147500426094599e-02
1.210994696471599102e-02
1.202886188645662865e-02
1.194822040080807321e-02
1.186802359821132954e-02
1.178827302822322426e-02
1.170897069951639183e-02
1.163011907987927460e-02
1.155172109621611584e-02
1.147378013454696324e-02
1.139630004000767929e-02
1.131928511684993782e-02
1.124274012844120839e-02
1.116667029726478577e-02
1.109108130491974313e-02
1.101597929212098925e-02
1.094137085869922518e-02
1.086726306360096678e-02
1.079366342488853950e-02
1.072057991974005933e-02
1.064802098444946402e-02
1.057599551442650263e-02
1.050451286419671823e-02
1.043358284740147565e-02
1.036321573679793023e-02
1.029342226425905560e-02
1.022421362077363671e-02
1.015560145644625600e-02
1.008759788049731765e-02
1.002021546126300768e-02
9.953467226195344270e-03
9.887366661862139611e-03
9.821927713947024158e-03
9.757164787249424098e-03
9.693092745684583900e-03
9.629726912283542023e-03
9.567026888952371091e-03
9.504842323267370663e-03
9.443149975407027358e-03
9.381934942179665643e-03
9.321182788854243118e-03
9.260879549160381738e-03
9.201011725288340062e-03
9.141566287889027129e-03
9.082530676074002454e-03
9.023892797415462158e-03
8.965641027946254574e-03
8.907764212159878514e-03
8.850251663010476333e-03
8.793093161912840863e-03
8.736278958742401540e-03
8.679799771835243483e-03
8.623646787988098819e-03
8.567811662458343219e-03
8.512286518964004567e-03
8.457063949683747348e-03
8.402137015256889996e-03
8.347499244783399691e-03
8.293144635823885419e-03
8.239067654399610113e-03
8.185263234992471576e-03
8.131726780545026761e-03
8.078454162460469226e-03
8.025441720602649945e-03
7.972686263296063433e-03
7.920185067325839073e-03
7.867935877937770606e-03
7.815936908838288372e-03
7.764186842194473193e-03
7.712684828634055502e-03
7.661430487245401467e-03
7.610423905577534676e-03
7.559665639640123988e-03
7.509156713903480940e-03
7.458898621298573617e-03
7.408893323216999768e-03
7.359143249511018031e-03
7.309651298493532318e-03
7.260420836938089213e-03
7.211455700078887518e-03
7.162760191610763501e-03
7.114339083689209982e-03
7.066197616930360720e-03
7.018341500411000820e-03
6.970776911668563267e-03
6.923510496701116776e-03
6.876549369967386617e-03
6.829901114386745936e-03
6.783573781339211420e-03
6.737575890665450234e-03
6.691916430666763546e-03
6.646604858105117745e-03
6.601651098203114090e-03
6.557065544644003451e-03
6.512859059571689778e-03
6.469042973590710156e-03
6.425629085766259088e-03
6.382629663624177219e-03
6.340057443150951336e-03
6.297925628793712635e-03
6.256247893460238456e-03
6.215038378518958351e-03
6.174311693798941944e-03
6.134077522254818317e-03
6.094223139615477340e-03
6.054690441907401889e-03
6.015469371644173620e-03
5.976550184924227585e-03
5.937923451430860040e-03
5.899580054432226710e-03
5.861511190781334979e-03
5.823708370916057774e-03
5.786163418859124885e-03
5.748868472218124706e-03
5.711815982185505965e-03
5.674998713538568183e-03
5.638409744639479027e-03
5.602042467435259555e-03
5.565890587457792034e-03
5.529948123823817327e-03
5.494209409234928829e-03
5.458669089977586340e-03
5.423322125923104794e-03
5.388163790527656857e-03
5.353189670832279867e-03
5.318395667462858488e-03
5.283777994630144657e-03
5.249333180129747180e-03
5.215058065342132593e-03
5.180949805232628637e-03
5.147005868351414715e-03
5.113224036833535768e-03
5.079602406398892739e-03
5.046139386352246035e-03
5.012833699583215535e-03
4.979684382566273645e-03
4.946690785360758312e-03
4.913852571610864348e-03
4.881169718545642564e-03
4.848642516979008443e-03
4.816271571309726530e-03
4.784057799521426908e-03
4.752002433182598261e-03
4.720107017446583536e-03
4.688373411051592957e-03
4.656803786320680601e-03
4.625400629161773025e-03
4.594166739067649316e-03
4.563105229115948028e-03
4.532219525969168050e-03
4.501513369874661670e-03
4.470990814664644111e-03
4.440656227756190066e-03
4.410514290151228492e-03
4.380569996436553884e-03
4.350828654783809799e-03
4.321295886949505331e-03
4.291977628275005577e-03
4.262880127686537700e-03
4.234009947695183129e-03
4.205373964396881895e-03
4.176979367472435228e-03
4.148833660187502964e-03
4.120944659392600934e-03
4.093320495523107908e-03
4.065969612599255184e-03
4.038900768226135266e-03
4.012123033593701857e-03
3.985645793476764662e-03
3.959478746234994587e-03
3.933631903812915068e-03
3.908081579216037861e-03
3.882751470929904705e-03
3.857631362832967918e-03
3.832714100282043606e-03
3.807992753439915987e-03
3.783460617275351701e-03
3.759111211563090707e-03
3.734938280883848445e-03
3.710935794624318877e-03
3.687097946977164510e-03
3.663419156941030708e-03
3.639894068320535716e-03
3.616517549726273265e-03
3.593284694574814739e-03
3.570190821088702234e-03
3.547231472296458535e-03
3.524402416032580612e-03
3.501699644937540049e-03
3.479119376457787387e-03
3.456658052845742145e-03
3.434312341159806263e-03
3.412079133264353699e-03
3.389955545829736062e-03
3.367938920332280879e-03
3.346026823054286826e-03
3.324217045084033265e-03
3.302507602315773744e-03
3.280896735449736860e-03
3.259382909992128863e-03
3.237964816255127151e-03
3.216641369356888942e-03
3.195411709221546506e-03
3.174275200579206296e-03
3.153231432965953283e-03
3.132280220723842722e-03
3.111421603000910554e-03
3.090655843751167337e-03
3.069983431734597812e-03
3.049405080517164808e-03
3.028921728470802301e-03
3.008534538773424954e-03
2.988244899408920748e-03
2.968054423167152713e-03
2.947964947643963267e-03
2.927978535241163374e-03
2.908097473166546855e-03
2.888324273433879111e-03
2.868661672862902329e-03
2.849112633079336782e-03
2.829680340514872591e-03
2.810368206407180131e-03
2.791179866799904825e-03
2.772119182542666285e-03
2.753190239291063070e-03
2.734397347506664026e-03
2.715745042457017814e-03
2.697238084215647716e-03
2.678881457662052497e-03
2.660680372481707273e-03
2.642640263166060911e-03
2.624766789012540798e-03
2.607065834124546767e-03
2.589543507411457175e-03
2.572206142588625427e-03
2.555060298177378245e-03
2.538112757505020002e-03
2.521370528704830992e-03
2.504840844716066557e-03
2.488531163283959693e-03
2.472428442783413272e-03
2.456474013347287842e-03
2.440658679313276267e-03
2.424977005793611286e-03
2.409423732468200623e-03
2.393993773584622651e-03
2.378682217958133331e-03
2.363484328971661007e-03
2.348395544575808576e-03
2.333411477288853484e-03
2.318527914196743828e-03
2.303740816953105727e-03
2.289046321779237246e-03
2.274440739464111006e-03
2.259920555364375045e-03
2.245482429404346749e-03
2.231123196076022393e-03
2.216839864439070634e-03
2.202629618120832949e-03
2.188489815316327532e-03
2.174417988788241926e-03
2.160411845866942564e-03
2.146469268450467392e-03
2.132588313004528478e-03
2.118767210562513305e-03
2.105004366725480441e-03
2.091298361662164741e-03
2.077647950108974743e-03
2.064052061369993103e-03
2.050509799316976162e-03
2.037020442389353078e-03
2.023583443594227996e-03
2.010198430506380043e-03
1.996865205268261168e-03
1.983583744589998733e-03
1.970354199749390321e-03
1.957176896591911533e-03
1.944052335530710354e-03
1.930981191546608886e-03
1.917964314188104220e-03
1.905002727571364525e-03
1.892097630380235127e-03
1.879250395866233301e-03
1.866462571848551740e-03
1.853735880714057257e-03
1.841072219417287745e-03
1.828473659480458688e-03
1.815942446993457516e-03
1.803481002613845996e-03
1.791091921566861749e-03
1.778777973645411306e-03
1.766542103210082260e-03
1.754387429189131330e-03
1.742317245078488057e-03
1.730335018941761734e-03
1.718444393410229268e-03
1.706649185682847323e-03
1.694953387526242344e-03
1.683361165274714459e-03
1.671876859830242687e-03
1.660504986662473441e-03
1.649250235808734193e-03
1.638117471874020459e-03
1.627111734031002526e-03
1.616238236020029351e-03
1.605502366149117724e-03
1.594909687293963969e-03
1.584465936897934846e-03
1.574177026972069498e-03
1.564036123345358218e-03
1.553994060448472131e-03
1.544041884063241570e-03
1.534175709148797228e-03
1.524391779929092821e-03
1.514686469892910286e-03
1.505056281793849164e-03
1.495497847650338521e-03
1.486007928745626105e-03
1.476583415627783988e-03
1.467221328109711816e-03
1.457918815269126618e-03
1.448673155448575167e-03
1.439481756255423352e-03
1.430342154561860951e-03
1.421252016504904667e-03
1.412209137486390318e-03
1.403211442172981951e-03
1.394256984496162945e-03
1.385343947652241219e-03
1.376470644102351397e-03
1.367635515572446572e-03
1.358837133053308714e-03
1.350074196800539125e-03
1.341345536334563431e-03
1.332650110440633745e-03
1.323987007168821303e-03
1.315355443834025344e-03
1.306754767015965747e-03
1.298184452559184975e-03
1.289644105573053718e-03
1.281133460431760265e-03
1.272652380774322214e-03
1.264200859504576498e-03
1.255779018791184157e-03
1.247387110067632934e-03
1.239025514032229261e-03
1.230694740648108441e-03
1.222395429143225548e-03
1.214128348010358460e-03
1.205894395007113280e-03
1.197694597155914359e-03
1.189530110744014494e-03
1.181402221323486247e-03
1.173312343711225853e-03
1.165262021988956688e-03
1.157252929503221244e-03
1.149286868865389590e-03
1.141365771951652428e-03
1.133491699903023701e-03
1.125666843125344707e-03
1.117893521289275213e-03
1.110174183330303425e-03
1.102511407448737756e-03
1.094907901109710069e-03
1.087366501043178718e-03
1.079890173243921829e-03
1.072482012971545532e-03
1.065145244750475943e-03
1.057883222369961768e-03
1.050699428884080367e-03
1.043597476611727356e-03
1.036581107136625921e-03
1.029654191307319885e-03
1.022820729237176960e-03
1.016084850304391132e-03
1.009450813151976153e-03
1.002923005687773352e-03
9.964858955219997334e-04
9.901087982127358862e-04
9.837887178596588494e-04
9.775230768615365568e-04
9.713093855837786174e-04
9.651452423584288339e-04
9.590283334841694313e-04
9.529564332263222495e-04
9.469274038168438642e-04
9.409391954543315506e-04
9.349898463040178615e-04
9.290774824977730134e-04
9.232003181341073795e-04
9.173566552781655271e-04
9.115448839617332644e-04
9.057634821832311360e-04
9.000110159077178915e-04
8.942861390668920040e-04
8.885875935590864657e-04
8.829142092492750764e-04
8.772649039690671308e-04
8.716386835167091529e-04
8.660346416570880411e-04
8.604519601217251040e-04
8.548899086087825665e-04
8.493478447830576060e-04
8.438252142759853887e-04
8.383215506856409125e-04
8.328364755767338028e-04
8.273696984806143840e-04
8.219210168952683672e-04
8.164903162853190182e-04
8.110775700820297600e-04
8.056828396832983177e-04
8.003062744536633324e-04
7.949481117242988316e-04
7.896086767930163980e-04
7.842883829242674456e-04
7.789877313491384500e-04
7.737073112653559352e-04
7.684477998372814863e-04
7.632099621959172794e-04
7.579946514389008768e-04
7.528028086305075042e-04
7.476354628016521108e-04
7.424937309498847067e-04
7.373788180393954592e-04
7.322920170010102474e-04
7.272347087321927219e-04
7.222083620970459316e-04
7.172145339263082033e-04
7.122548690173581293e-04
7.073311001342097969e-04
7.024450480075149564e-04
6.975986213345650817e-04
6.927938167792867079e-04
6.880327189722466354e-04
6.833175005106473764e-04
6.786504219583287811e-04
6.740338318457707485e-04
6.694701666700880217e-04
6.649619508950356094e-04
6.605117969510044488e-04
6.561224052350224899e-04
6.517965641107581649e-04
6.475371499085141001e-04
6.433471269252338375e-04
6.392202727999119144e-04
6.351349570235228018e-04
6.310883556049026472e-04
6.270786106566079510e-04
6.231039262790168815e-04
6.191625685603254804e-04
6.152528655765493980e-04
6.113732073915254103e-04
6.075220460569074081e-04
6.036978956121711671e-04
5.998993320846101197e-04
5.961249934893375233e-04
5.923735798292874364e-04
5.886438530952112485e-04
5.849346372656823428e-04
5.812448183070914338e-04
5.775733441736493863e-04
5.739192248073876493e-04
5.702815321381551113e-04
5.666594000836225461e-04
5.630520245492783840e-04
5.594586634284306635e-04
5.558786366022083324e-04
5.523113259395581037e-04
5.487561752972477079e-04
5.452126905198632911e-04
5.416804394398103909e-04
5.381590518773154540e-04
5.346482196404223671e-04
5.311476965249966849e-04
5.276572983147219441e-04
5.241769027811009644e-04
5.207064496834577999e-04
5.172459407689338363e-04
5.137954397724920188e-04
5.103550724169132746e-04
5.069250264127982478e-04
5.035055514585679492e-04
5.000969592404615888e-04
4.966996234325395023e-04
4.933139796966801160e-04
4.899405256825812476e-04
4.865798210277618406e-04
4.832324873575582786e-04
4.798992082851283964e-04
4.765807294114481193e-04
4.732778583253127638e-04
4.699914646033386640e-04
4.667224798099597568e-04
4.634718974974312675e-04
4.602407732058266202e-04
4.570302244630386306e-04
4.538414307847810775e-04
4.506756336745853966e-04
4.475341366238041498e-04
4.444183051116083142e-04
4.413295666049882587e-04
4.382694105587550985e-04
4.352393884155377141e-04
4.322411136057864372e-04
4.292762615477692563e-04
4.263465696475743100e-04
4.234538372991101043e-04
4.205999258841030186e-04
4.177867587721007751e-04
4.150163213204689154e-04
4.122906608743929688e-04
4.096118867668789403e-04
4.069821517914293208e-04
4.043921388756233494e-04
4.018316055457893561e-04
3.992989170246296509e-04
3.967924905960746478e-04
3.943107956052803171e-04
3.918523534586312754e-04
3.894157376237379663e-04
3.869995736294379080e-04
3.846025390657967767e-04
3.822233635841058592e-04
3.798608288968849259e-04
3.775137687778797372e-04
3.751810690620631275e-04
3.728616676456359270e-04
3.705545544860247391e-04
3.682587716018845964e-04
3.659734130730964673e-04
3.636976250407685028e-04
3.614306057072367412e-04
3.591716053360631024e-04
3.569199262520378270e-04
3.546749228411771458e-04
3.524360015507244722e-04
3.502026208891511607e-04
3.479742914261543937e-04
3.457505757926595115e-04
3.435310886808182239e-04
3.413154968440089898e-04
3.391035190968385345e-04
3.368949263151393026e-04
3.346895414359718967e-04
3.324872394576231806e-04
3.302879474396070922e-04
3.280916445026654023e-04
3.258983618287658720e-04
3.237081826611044205e-04
3.215212423041031737e-04
3.193377281234112235e-04
3.171578795459056572e-04
3.149819880596894982e-04
3.128103972140939821e-04
3.106435026196763347e-04
3.084817519482211268e-04
3.063256449327405456e-04
3.041757333674729308e-04
3.020326211078846719e-04
2.998969640706684197e-04
2.977694702337438447e-04
2.956508996362585589e-04
2.935420643785860016e-04
2.914438286223279334e-04
2.893571085903122670e-04
2.872828725665937727e-04
2.852221408964554874e-04
2.831759859864061129e-04
2.811455323041825633e-04
2.791319563787480681e-04
2.771364868002926056e-04
2.751604042202345835e-04
2.732050413512178031e-04
2.712717829671146036e-04
2.693620659030232598e-04
2.674773790552693918e-04
2.656192633814061818e-04
2.637893119002130186e-04
2.619891696916973409e-04
2.602205338970928488e-04
2.584851537188602617e-04
2.567848304206880785e-04
2.551214173274910044e-04
2.534968198254115780e-04
2.519096891735134809e-04
2.503478851045871098e-04
2.488086354668586522e-04
2.472903431498779236e-04
2.457914630421307125e-04
2.443105020310372085e-04
2.428460190029525442e-04
2.413966248431676626e-04
2.399609824359075552e-04
2.385378066643331326e-04
2.371258644105397873e-04
2.357239745555578822e-04
2.343310079793534009e-04
2.329458875608266194e-04
2.315675881778135972e-04
2.301951367070848486e-04
2.288276120243459670e-04
2.274641450042380847e-04
2.261039185203366267e-04
2.247461674451528557e-04
2.233901786501324622e-04
2.220352910056561612e-04
2.206808953810403154e-04
2.193264346445355259e-04
2.179714036633282042e-04
2.166153493035391899e-04
2.152578704302244282e-04
2.138986179073754036e-04
2.125372945979178935e-04
2.111736553637134852e-04
2.098075070655582215e-04
2.084387085631831966e-04
2.070671707152550440e-04
2.056928563793747713e-04
2.043157804120790877e-04
2.029360096688392391e-04
2.015536630040614416e-04
2.001689112710875861e-04
1.987819773221937748e-04
1.973931360085919202e-04
1.960027141804284714e-04
1.946110906867847391e-04
1.932186963756778446e-04
1.918260140940590390e-04
1.904335786878154379e-04
1.890419770017685852e-04
1.876518478796751033e-04
1.862638821642271538e-04
1.848788226970512452e-04
1.834974643187095881e-04
1.821206538686989836e-04
1.807492901854511488e-04
1.793843241063334485e-04
1.780267584676475674e-04
1.766776481046309190e-04
1.753380998514553993e-04
1.740092725412279557e-04
1.726923770059911561e-04
1.713886760767217800e-04
1.700994845833324169e-04
1.688261693546701931e-04
1.675701492185172319e-04
1.663328950015912234e-04
1.651159295295441228e-04
1.639208276269637230e-04
1.627492161173722720e-04
1.616027738232271506e-04
1.604832315659211165e-04
1.593923721657813822e-04
1.583320304420708625e-04
1.573040932129870628e-04
1.563104992956623773e-04
1.553532395061649023e-04
1.544252583966403201e-04
1.535160786283302180e-04
1.526241019096903975e-04
1.517477894852027262e-04
1.508856551457699534e-04
1.500362652287148975e-04
1.491982386177813672e-04
1.483702467431333757e-04
1.475510135813553844e-04
1.467393156554528180e-04
1.459339820348511162e-04
1.451338943353967087e-04
1.443379867193562570e-04
1.435452458954168979e-04
1.427547111186866231e-04
1.419654741906935746e-04
1.411766794593868034e-04
1.403875238191355649e-04
1.395972567107296714e-04
1.388051801213797899e-04
1.380106485847166023e-04
1.372130691807918891e-04
1.364119015360774998e-04
1.356066578234658678e-04
1.347969027622703355e-04
1.339822536182242330e-04
1.331623802034819079e-04
1.323370048766179391e-04
1.315059025426273541e-04
1.306689006529260894e-04
1.298258792053501776e-04
1.289767707441565872e-04
1.281215603600225185e-04
1.272602856900456473e-04
1.263930369177445581e-04
1.255199567730578777e-04
1.246412405323452772e-04
1.237571360183865508e-04
1.228679436003820495e-04
1.219740161939529251e-04
1.210757592611405202e-04
1.201736308104071134e-04
1.192681413966351067e-04
1.183598541211274859e-04
1.174493846316081457e-04
1.165374011222209414e-04
1.156246243335308407e-04
1.147118275525229074e-04
1.137998366126027211e-04
1.128895298935968114e-04
1.119818383217517361e-04
1.110777453697350163e-04
1.101782870566344046e-04
1.092845519479581154e-04
1.083976811556352994e-04
1.075188683380151492e-04
1.066493596998678475e-04
1.057904539923837817e-04
1.049435025131737875e-04
1.041099091062696637e-04
1.032911301621232240e-04
1.024886746176073267e-04
1.017041039560148989e-04
1.009390322070595600e-04
1.001951259468756216e-04
9.947410429801764066e-05
9.877773892946098801e-05
9.810785405660137461e-05
9.746632644125493260e-05
9.685508539165868969e-05
9.627611276246978312e-05
9.572741781810337127e-05
9.519447944776912140e-05
9.467457155738706685e-05
9.416636487016808864e-05
9.366857672792122333e-05
9.317997109105419153e-05
9.269935853857292360e-05
9.222559626808173581e-05
9.175758809578362849e-05
9.129428445647968973e-05
9.083468240356971880e-05
9.037782560905171115e-05
8.992280436352210235e-05
8.946875557617593071e-05
8.901486277480637655e-05
8.856035610580529065e-05
8.810451233416278778e-05
8.764665484346735504e-05
8.718615363590609586e-05
8.672242533226429627e-05
8.625493317192588574e-05
8.578318701287301700e-05
8.530674333168628291e-05
8.482520522354487910e-05
8.433822240222611604e-05
8.384549120010604249e-05
8.334675456815888984e-05
8.284180207595730249e-05
8.233046991167256826e-05
8.181264088207407627e-05
8.128824441252995394e-05
8.075725654700649774e-05
8.021969994806843072e-05
7.967564389687911935e-05
7.912520429320004495e-05
7.856854365539137292e-05
7.800587112041153259e-05
7.743744244381727145e-05
7.686355999976406171e-05
7.628457278100544980e-05
7.570087639889369331e-05
7.511291308337927311e-05
7.452117168301104246e-05
7.392618766493653864e-05
7.332854311490135963e-05
7.272886673724989588e-05
7.212783385492465269e-05
7.152616640946658907e-05
7.092463296101529386e-05
7.032404868830847077e-05
6.972527538868256180e-05
6.912922147807217801e-05
6.853684199101030283e-05
6.794913858062865796e-05
6.736715951865701222e-05
6.679199969542387269e-05
6.622480061985591552e-05
6.566675041947825700e-05
6.511908384041462973e-05
6.458308224738690826e-05
6.406007362371565121e-05
6.355143257131964051e-05
6.305858031071604397e-05
6.258298468102071349e-05
6.212616013994757516e-05
6.168966776380926627e-05
6.127511524751662027e-05
6.088415690457896494e-05
6.051849366710410207e-05
6.017975237067464651e-05
5.985885397231342498e-05
5.954847048313910120e-05
5.924749484980850660e-05
5.895485820547712708e-05
5.866952986979883197e-05
5.839051734892616538e-05
5.811686633551010228e-05
5.784766070870015690e-05
5.758202253414449118e-05
5.731911206398965046e-05
5.705812773688086166e-05
5.679830617796178253e-05
5.653892219887460334e-05
5.627928879776016881e-05
5.601875715925770031e-05
5.575671665450510078e-05
5.549259484113871756e-05
5.522585746329341692e-05
5.495600845160271961e-05
5.468258992319852981e-05
5.440518218171144001e-05
5.412340371727045326e-05
5.383691120650313896e-05
5.354539951253568033e-05
5.324860168499267110e-05
5.294628895999737981e-05
5.263827076017149907e-05
5.232439469463525398e-05
5.200454655900753765e-05
5.167865033540559953e-05
5.134666819244539771e-05
5.100860048524130761e-05
5.066448575540623034e-05
5.031440073105174183e-05
4.995846032678776075e-05
4.959681764372294156e-05
4.922966396946432891e-05
4.885722877811749318e-05
4.847977973028670662e-05
4.809762267307455717e-05
4.771110164008239563e-05
4.732059885140993589e-05
4.692653471365542436e-05
4.652936781991581609e-05
4.612959494978637504e-05
4.572775106936114158e-05
4.532440933123249886e-05
4.492018107449136929e-05
4.451571582472740429e-05
4.411170129402854382e-05
4.370886338098149752e-05
4.330796617067132455e-05
4.290981193468165045e-05
4.251524113109478911e-05
4.212513240449136328e-05
4.174040258595074508e-05
4.136200669305071034e-05
4.099093792986754030e-05
4.062822768697622487e-05
4.027494554145006960e-05
3.993219925686114974e-05
3.960113478327989003e-05
3.928293625727527483e-05
3.897882600191494298e-05
3.869006452676492349e-05
3.841795052788992695e-05
3.816382088785307447e-05
3.792905067571603999e-05
3.771505314703914514e-05
3.752205183155841805e-05
3.734120355467468970e-05
3.716961148180171953e-05
3.700625712358344272e-05
3.685015632689837432e-05
3.670035927485938568e-05
3.655595048681394834e-05
3.641604881834393755e-05
3.627980746126572035e-05
3.614641394363020302e-05
3.601509012972268874e-05
3.588509222006306060e-05
3.575571075140560539e-05
3.562627059673910168e-05
3.549613096528687407e-05
3.536468540250665082e-05
3.523136179009070623e-05
3.509562234596576573e-05
3.495696362429301943e-05
3.481491651546819667e-05
3.466904624612144405e-05
3.451895237911746094e-05
3.436426881355537753e-05
3.420466378476879547e-05
3.403983986432586919e-05
3.386953396002915004e-05
3.369351731591576927e-05
3.351159551225724826e-05
3.332360846555962054e-05
3.312943042856345883e-05
3.292896999024371249e-05
3.272217007580994461e-05
3.250900794670608812e-05
3.228949520061057452e-05
3.206367777143640841e-05
3.183163592933095068e-05
3.159348428067618273e-05
3.134937176808844903e-05
3.109948167041859938e-05
3.084403160275204993e-05
3.058327351640857309e-05
3.031749369894256858e-05
3.004701277414279919e-05
2.977218570203251947e-05
2.949340177886957743e-05
2.921108463714615025e-05
2.892569224558904918e-05
2.863771690915946209e-05
2.834768526905304830e-05
2.805615830270007414e-05
2.776373132376513847e-05
2.747103398214746070e-05
2.717873026398064362e-05
2.688751849163276147e-05
2.659813132370649890e-05
2.631133575503886629e-05
2.602793311670149800e-05
2.574875907600041849e-05
2.547468363647611357e-05
2.520661113790367938e-05
2.494548025629254466e-05
2.469226400388676543e-05
2.444796972916475739e-05
2.421363911683948223e-05
2.399034818785829857e-05
2.377920729940326351e-05
2.358136114489069892e-05
2.339798875397148964e-05
2.323030349253098857e-05
2.307955306268900990e-05
2.294701950279997823e-05
2.283401918745266084e-05
2.274057592944692745e-05
2.265924444213061745e-05
2.258768644992475757e-05
2.252478855056404185e-05
2.246947402617845903e-05
2.242070284329338061e-05
2.237747165282952025e-05
2.233881379010293710e-05
2.230379927482507651e-05
2.227153481110270898e-05
2.224116378743795733e-05
2.221186627672830344e-05
2.218285903626658487e-05
2.215339550774099485e-05
2.212276581723507553e-05
2.209029677522771456e-05
2.205535187659316544e-05
2.201733130060101363e-05
2.197567191091623755e-05
2.192984725559913401e-05
2.187936756710535892e-05
2.182377976228593060e-05
2.176266744238718922e-05
2.169565089305089495e-05
2.162238708431409931e-05
2.154256967060922981e-05
2.145592899076406625e-05
2.136223206800170346e-05
2.126128260994068680e-05
2.115292100859482246e-05
2.103702434037330618e-05
2.091350636608067584e-05
2.078231753091679110e-05
2.064344496447697574e-05
2.049691248075179400e-05
2.034278057812720310e-05
2.018114643938451251e-05
2.001214393170032982e-05
1.983594360664676397e-05
1.965275270019114405e-05
1.946281513269618196e-05
1.926641150891995202e-05
1.906385911801582666e-05
1.885551193353269322e-05
1.864176061341463547e-05
1.842303250000113353e-05
1.819979162002702321e-05
1.797253868462243836e-05
1.774181108931304474e-05
1.750818291401968081e-05
1.727226492305859490e-05
1.703470456514139105e-05
1.679618597337495105e-05
1.655742996526172919e-05
1.631919404269932200e-05
1.608227239198072912e-05
1.584749588379433976e-05
1.561573207322380054e-05
1.538788519974831366e-05
1.516489618724224729e-05
1.494774264397537098e-05
1.473743886261282354e-05
1.453503582021504863e-05
1.434162117823798619e-05
1.415831928253276752e-05
1.398629116334595753e-05
1.382673453531942938e-05
1.368088379749041529e-05
1.355001003329158955e-05
1.343542101055085509e-05
1.333846118149155860e-05
1.326051168273235332e-05
1.320299033528722446e-05
1.316735164456557729e-05
1.315131935018865952e-05
1.314647602539068124e-05
1.315127254438533997e-05
1.316449501693224662e-05
1.318497067430923574e-05
1.321156786931238414e-05
1.324319607625600073e-05
1.327880589097263164e-05
1.331738903081306352e-05
1.335797833464628637e-05
1.339964776285955785e-05
1.344151239735835756e-05
1.348272844156640059e-05
1.352249322042564601e-05
1.356004518039625109e-05
1.359466388945664925e-05
1.362567003710348740e-05
1.365242543435165131e-05
1.367433301373426395e-05
1.369083682930267022e-05
1.370142205662646237e-05
1.370561499279346137e-05
1.370298305640972199e-05
1.369313478759953109e-05
1.367571984800542121e-05
1.365042902078814343e-05
1.361699421062669447e-05
1.357518844371829639e-05
1.352482586777839830e-05
1.346576175204071863e-05
1.339789248725717915e-05
1.332115558569793711e-05
1.323552968115139205e-05
1.314103452892414846e-05
1.303773100584112261e-05
1.292572111024538999e-05
1.280514796199828363e-05
1.267619580247937373e-05
1.253908999458641855e-05
1.239409702273553043e-05
1.224152449286094370e-05
1.208172113241516884e-05
1.191507679036893658e-05
1.174202243721116907e-05
1.156303016494917816e-05
1.137861318710834682e-05
1.118932583873235960e-05
1.099576357638312130e-05
1.079856297814071631e-05
1.059840174360363729e-05
1.039599869388844131e-05
1.019211377162996666e-05
9.987548040981305747e-06
9.783143687613701794e-06
9.579784018716830008e-06
9.378393462998399499e-06
9.179937570684451430e-06
8.985423013519208246e-06
8.795897584765119414e-06
8.612450199203005419e-06
8.436210893131766383e-06
8.268350824368588740e-06
8.110082272248887643e-06
7.962658637626286631e-06
7.827374442872763317e-06
7.705565331878391896e-06
7.598608070051515934e-06
7.507920544318744136e-06
7.434961763124884277e-06
7.381231856433031291e-06
7.348272075724466477e-06
7.337664793998704087e-06
7.351002210380454778e-06
7.380643882325247787e-06
7.418957442354735731e-06
7.464803211731725487e-06
7.517081054009972630e-06
7.574730375034190746e-06
7.636730122940069224e-06
7.702098788154201255e-06
7.769894403394189710e-06
7.839214543668575994e-06
7.909196326276863760e-06
7.979016410809530764e-06
8.047890999147949253e-06
8.115075835464514704e-06
8.179866206222557740e-06
8.241596940176364454e-06
8.299642408371196741e-06
8.353416524143222839e-06
8.402372743119622362e-06
8.446004063218510069e-06
8.483843024648961270e-06
8.515461709911018609e-06
8.540471743795649705e-06
8.558524293384814921e-06
8.569310068051414845e-06
8.572559319459315699e-06
8.568041841563330709e-06
8.555566970609240432e-06
8.534983585133780893e-06
8.506180105964638512e-06
8.469084496220465340e-06
8.423664261310853657e-06
8.369926448936393566e-06
8.307917649088589982e-06
8.237723994049927012e-06
8.159471158393837457e-06
8.073324358984689260e-06
7.979488354977883765e-06
7.878207447819706637e-06
7.769765481247415951e-06
7.654485841289242198e-06
7.532731456264326446e-06
7.404904796782878738e-06
7.271447875745958710e-06
7.132842248345618738e-06
6.989609012064873447e-06
6.842308806677641266e-06
6.691541814248932468e-06
6.537947759134585740e-06
6.382205907981446066e-06
6.225035069727307972e-06
6.067193595600886727e-06
5.909479379121974198e-06
5.752729856101194057e-06
5.597822004640186434e-06
5.445672345131517285e-06
5.297236940258695333e-06
5.153511394996317755e-06
5.015530856609771185e-06
4.884370014655494286e-06
4.761143100980839693e-06
4.647003889724116357e-06
4.543145697314670863e-06
4.450801382472712096e-06
4.371243346209445916e-06
4.305783531827009939e-06
4.255773424918539605e-06
4.222604053368116506e-06
4.207705987350764156e-06
4.212549339332467469e-06
4.238422091480577410e-06
4.276479478616213863e-06
4.320816323933217084e-06
4.370547832787373658e-06
4.424820783497005979e-06
4.482813527342975638e-06
4.543735988568704597e-06
4.606829664380105735e-06
4.671367624945683642e-06
4.736654513396470247e-06
4.802026545826038369e-06
4.866851511290521200e-06
4.930528771808539457e-06
4.992489262361309808e-06
5.052195490892574562e-06
5.109141538308616920e-06
5.162853058478277915e-06
5.212887278232892881e-06
5.258832997366389713e-06
5.300310588635217716e-06
5.336971997758373012e-06
5.368500743417398545e-06
5.394611917256355278e-06
5.415052183881871324e-06
5.429599780863111449e-06
5.438064518731778772e-06
5.440287780982120686e-06
5.436142524070922091e-06
5.425533277417517244e-06
5.408396143403777907e-06
5.384698797374111649e-06
5.354440487635489798e-06
5.317652035457403401e-06
5.274395835071895402e-06
5.224765853673548791e-06
5.168887631419471355e-06
5.106918281429362593e-06
5.039046489785418848e-06
4.965492515532388365e-06
4.886508190677567057e-06
4.802376920190766316e-06
4.713413682004410422e-06
4.619965027013397629e-06
4.522409079075188259e-06
4.421155535009789452e-06
4.316645664599714512e-06
4.209352310590112500e-06
4.099779888688581888e-06
3.988464387565299307e-06
3.875973368852981434e-06
3.762905967146840942e-06
3.649892890004754213e-06
3.537596417947029255e-06
3.426710404456537835e-06
3.317960275978715056e-06
3.212103031921493291e-06
3.109927244655450410e-06
3.012253059513595062e-06
2.919932194791529300e-06
2.833847941747383786e-06
2.754915164601819062e-06
2.684080300538096699e-06
2.622321359701960289e-06
2.570647925201702788e-06
2.530101153108182179e-06
2.501753772454777856e-06
2.486710085237430007e-06
2.486105966414607431e-06
2.501108863907318968e-06
2.530618332464603470e-06
2.566705350404394764e-06
2.607928038897826876e-06
2.653567644243746265e-06
2.702930705616170187e-06
2.755349055064294326e-06
2.810179817512508885e-06
2.866805410760336748e-06
2.924633545482524547e-06
2.983097225228984627e-06
3.041654746424806915e-06
3.099789698370277126e-06
3.157010963240810273e-06
3.212852716087049767e-06
3.266874424834802199e-06
3.318660850285052162e-06
3.367822046113976649e-06
3.413993358872891267e-06
3.456835427988331130e-06
3.496034185761997496e-06
3.531300857370770469e-06
3.562371960866715358e-06
3.589009307177052599e-06
3.611000000104208586e-06
3.628156436325776700e-06
3.640316305394532984e-06
3.647342589738430634e-06
3.649123564660598732e-06
3.645572798339349442e-06
3.636629151828175047e-06
3.622256779055741597e-06
3.602445126825891027e-06
3.577208934817662331e-06
3.546588235585255561e-06
3.510648354558056399e-06
3.469479910040624713e-06
3.423198813212694138e-06
3.371946268129207653e-06
3.315888771720254049e-06
3.255218113791114941e-06
3.190151377022247407e-06
3.120930936969265349e-06
3.047824462063026316e-06
2.971124913609507412e-06
2.891150545789878992e-06
2.808244905660497456e-06
2.722776833152866292e-06
2.635140461073743220e-06
2.545755215105001281e-06
2.455065813803702956e-06
2.363542268602095922e-06
2.271679883807580452e-06
2.179999256602814436e-06
2.089046277045555844e-06
1.999392128068771983e-06
1.911633285480594613e-06
1.826391517964328199e-06
1.744313887078521276e-06
1.666072747256823303e-06
1.592365745808096889e-06
1.523915822916376929e-06
1.461471211640859168e-06
1.405805437915977701e-06
1.357717320551277924e-06
1.318030971231527277e-06
1.287595794516648969e-06
1.267286487841743997e-06
1.258003041517119525e-06
1.260670738728245473e-06
1.276240155535738841e-06
1.305190384438992261e-06
1.342342393542997234e-06
1.385467110448701757e-06
1.433820611429539146e-06
1.486683624306492082e-06
1.543361528448100237e-06
1.603184354770479755e-06
1.665506785737252104e-06
1.729708155359647833e-06
1.795192449196439024e-06
1.861388304353955808e-06
1.927749009486104154e-06
1.993752504794292811e-06
2.058901382027543424e-06
2.122722884482418322e-06
2.184768907003036826e-06
2.244615995981093033e-06
2.301865349355788481e-06
2.356142816613933793e-06
2.407098898789880485e-06
2.454408748465537067e-06
2.497772169770383439e-06
2.536913618381419220e-06
2.571582201523242102e-06
2.601551677967989829e-06
2.626620458035365179e-06
2.646611603592628347e-06
2.661372828054581270e-06
2.670776496383605749e-06
2.674719625089630831e-06
2.673123882230146790e-06
2.665935587410195386e-06
2.653125711782386381e-06
2.634689878046881021e-06
2.610648360451399237e-06
2.581046084791219646e-06
2.545952628409168961e-06
2.505462220195659260e-06
2.459693740588635474e-06
2.408790721573606722e-06
2.352921346683641656e-06
2.292278450999346860e-06
2.227079521148942661e-06
2.157566695308155978e-06
2.084006763200281306e-06
2.006691166096180299e-06
1.925935996814245765e-06
1.842081999720496535e-06
1.755494570728437706e-06
1.666563757299167787e-06
1.575704258441323854e-06
1.483355424711096375e-06
1.389981258212288923e-06
1.296070412596204466e-06
1.202136193061721594e-06
1.108716556355274833e-06
1.016374110770838543e-06
9.256961161500143824e-07
8.372944838818794707e-07
7.518057769031215999e-07
6.698912096979508241e-07
5.922366482981377881e-07
5.195526102830641256e-07
4.525742647796177452e-07
3.920614324622507457e-07
3.387985855529743343e-07
2.935948478213643322e-07
2.572839945845768447e-07
2.307244527072798633e-07
2.147993006017189109e-07
2.104162682277104768e-07
2.185077370926231710e-07
2.400307402513688296e-07
2.759663168241287321e-07
3.233860866256910379e-07
3.782778409029981837e-07
4.397547522695408489e-07
5.069586644650271817e-07
5.790600923554876193e-07
6.552582219332071787e-07
7.347809103167412322e-07
8.168846857509397008e-07
9.008547476068528221e-07
9.860049663818716517e-07
1.071677883699634572e-06
1.157244712310051009e-06
1.242105336089325996e-06
1.325688310039860542e-06
1.407450860290401768e-06
1.486878884095941899e-06
1.563486949837744520e-06
1.636818297023363424e-06
1.706444836286562356e-06
1.771967149387437832e-06
1.833014489212336554e-06
1.889244779773875314e-06
1.940344616210956029e-06
1.986029264788709204e-06
2.026042662898577996e-06
2.060157419058264009e-06
2.088174812911736817e-06
2.109924795229244557e-06
2.125265987907288938e-06
2.134085683968657009e-06
2.136299847562405061e-06
2.131853113963858628e-06
2.120718789574607830e-06
2.102898851922526431e-06
2.078423949661748967e-06
2.047353402572682607e-06
2.009775201562009269e-06
1.965806008662662326e-06
1.915591157033886325e-06
1.859304650961165832e-06
1.797149165856258258e-06
1.729356048257196187e-06
1.656185315828263235e-06
1.577925657360076211e-06
1.494894432769457856e-06
1.407437673099525562e-06
1.315930080519664273e-06
1.220775028325506152e-06
1.122404560939031806e-06
1.021279393908414003e-06
9.178889139081208012e-07
8.127511787388976575e-07
7.064129173277186130e-07
5.994495297279307146e-07
4.924650871190572909e-07
3.860923318069204548e-07
2.809926772236135216e-07
1.778562079274735861e-07
7.740167960319645514e-08
-1.962348093834239478e-08
-1.124431757599653678e-07
-2.002526357982288008e-07
-2.822184208634198927e-07
-3.574784196395158353e-07
-4.251418496842906453e-07
-4.842892574291894327e-07
-5.339725181794227921e-07
-5.732148361139225453e-07
-6.010107442853295652e-07
-6.163261046200405742e-07
-6.180981079181549931e-07
-6.052352738535341275e-07
-5.766174509737422987e-07
-5.310958167001027484e-07
-4.708023515009405910e-07
-4.026524778526672064e-07
-3.278067918697725804e-07
-2.471892237526353264e-07
-1.616918413735498100e-07
-7.217485027658871709e-08
2.053340632230705416e-08
1.156364475353502047e-07
2.123696548029348278e-07
3.100002718935264007e-07
4.078274049038250499e-07
5.051820222586594609e-07
6.014269547110108062e-07
6.959568953420404861e-07
7.881983995609834024e-07
8.776098851053100592e-07
9.636816320406157078e-07
1.045935782760650839e-06
1.123926341987340244e-06
1.197239176770697883e-06
1.265492016488957226e-06
1.328334452848482737e-06
1.385447939883793591e-06
1.436545793957575533e-06
1.481373193760626241e-06
1.519707180311939611e-06
1.551356656958650273e-06
1.576162389376046720e-06
1.593997005567569614e-06
1.604764995864809249e-06
1.608402712927515709e-06
1.604878371743594212e-06
1.594192049629098336e-06
1.576375686228232981e-06
1.551493083513370038e-06
1.519639905785025100e-06
1.480943679671866775e-06
1.435563794130720924e-06
1.383691500446550330e-06
1.325549912232515262e-06
1.261394005429888773e-06
1.191510618308107518e-06
1.116218451464769643e-06
1.035868067825594543e-06
9.508418926445311830e-07
8.615542135036107098e-07
7.684511803130415343e-07
6.720108053111818016e-07
5.727429630645217093e-07
4.711893904677895988e-07
3.679236867437807481e-07
2.635513134434635693e-07
1.587095944459775964e-07
5.406771595857144016e-08
-4.967327348325443359e-08
-1.517804630159346339e-07
-2.514890794477340769e-07
-3.480024872587461865e-07
-4.404921886009433980e-07
-5.280978232980660385e-07
-6.099271688457832098e-07
-6.850561404115839450e-07
-7.525287908347917668e-07
-8.113573106266137094e-07
-8.605220279700277690e-07
-8.989714087199317703e-07
-9.256220564030369570e-07
-9.393587122179108741e-07
-9.390342550349524852e-07
-9.234697013964323013e-07
-8.914542055164432528e-07
-8.417450592809555347e-07
-7.790046147909269498e-07
-7.103665904823326871e-07
-6.366606039113846889e-07
-5.586751923090491292e-07
-4.771702568539351601e-07
-3.928770626722755892e-07
-3.064982388379023679e-07
-2.187077783723456953e-07
-1.301510382446858923e-07
-4.144473937165118156e-08
4.682303338240502384e-08
1.340928312055315429e-07
2.198338413380775711e-07
3.035438870728439817e-07
3.847494277549824227e-07
4.630055587820211519e-07
5.378960116038836708e-07
6.090331537228076220e-07
6.760579886934712082e-07
7.386401561229057367e-07
7.964779316705193358e-07
8.492982270481100839e-07
8.968565900198092587e-07
9.389372044021670985e-07
9.753528900640966873e-07
1.005945102926886447e-06
1.030583934964207552e-06
1.049168114202085125e-06
1.061625004718944195e-06
1.067910606645576867e-06
1.068009556165151860e-06
1.061935125513211958e-06
1.049729222977681004e-06
1.031462392898854153e-06
1.007233815669405290e-06
9.771713077343827906e-07
9.414313215912021114e-07
9.001989457896811524e-07
8.536879049319917648e-07
8.021405596726847388e-07
7.458279067186893799e-07
6.850495788292925446e-07
6.201338448162150855e-07
5.514376095434900900e-07
4.793464139275552069e-07
4.042744349372198243e-07
3.266644855936496107e-07
2.469880149704423247e-07
1.657451081935240536e-07
8.346448644120247016e-08
7.035069441671508444e-10
-8.195183701453467101e-08
-1.638869160994200720e-07
-2.444584649226900823e-07
-3.229945820441510172e-07
-3.987947299712373471e-07
-4.711297351590139210e-07
-5.392417880101328739e-07
-6.023444428748968362e-07
-6.596226180512545929e-07
-7.102325957847277094e-07
-7.533020222685248811e-07
-7.879299076434013253e-07
-8.131866259978080716e-07
-8.281139153677720003e-07
-8.317248777369864749e-07
-8.230039790367208160e-07
-8.009070491459050039e-07
-7.643612818910739867e-07
-7.153108600418083423e-07
-6.609935593382936676e-07
-6.023931060120046013e-07
-5.401516201480614416e-07
-4.748882101570872938e-07
-4.071989727752734508e-07
-3.376569930643632461e-07
-2.668123444116316726e-07
-1.951920885299664327e-07
-1.233002754577470774e-07
-5.161794355892510387e-08
1.939688047699579105e-08
8.930918163497961606e-08
1.577069565743790996e-07
2.242012136290541687e-07
2.884259728072934923e-07
3.500382657918332221e-07
4.087181359398727685e-07
4.641686382830119082e-07
5.161158395273471345e-07
5.643088180534058003e-07
6.085196639161647528e-07
6.485434788450579571e-07
6.841983762439345674e-07
7.153254811911260552e-07
7.417889304393998337e-07
7.634758724159715400e-07
7.802964672225099052e-07
7.921838866351145202e-07
7.990943141043518347e-07
8.010069447552291102e-07
7.979239853872005619e-07
7.898706544741673579e-07
7.768951821644856667e-07
7.590688102809507749e-07
7.364857923208116984e-07
7.092633934557631363e-07
6.775418905319382702e-07
6.414845720699447638e-07
6.012777382648156346e-07
5.571307009860355121e-07
5.092757837775393672e-07
4.579683218576940892e-07
4.034866621193590488e-07
3.461321631298009711e-07
2.862291951307449692e-07
2.241251400383677687e-07
1.601903914432675310e-07
9.481835461055639259e-08
2.842544647973160981e-08
-3.854890433523973793e-08
-1.056422575459380063e-07
-1.723691611895355613e-07
-2.382211516286665478e-07
-3.026667535516021195e-07
-3.651514799721365660e-07
-4.250978322296140473e-07
-4.819052999889460638e-07
-5.349503612405542817e-07
-5.835864823004543358e-07
-6.271441178102041085e-07
-6.649307107369084935e-07
-6.962306923732340075e-07
-7.203054823373760734e-07
-7.363934885731038075e-07
-7.437101073497300553e-07
-7.414477232621202854e-07
-7.287757092307018015e-07
-7.048404265014337777e-07
-6.689345721047995849e-07
-6.253672941782232745e-07
-5.768366810715138269e-07
-5.239746822247549413e-07
-4.673921506411215362e-07
-4.076788428867893285e-07
-3.454034190909938086e-07
-2.811134429460161050e-07
-2.153353817071638736e-07
-1.485746061928465773e-07
-8.131539078446283102e-08
-1.402091342647562857e-08
5.286674437360666257e-08
1.189265975452490419e-07
1.837587574548149133e-07
2.469844319056779996e-07
3.082459251381491799e-07
3.672066378294917360e-07
4.235510670939414697e-07
4.769848064826394696e-07
5.272345459837300490e-07
5.740480720222961598e-07
6.171942674603746392e-07
6.564631115969689150e-07
6.916656801680028424e-07
7.226341453463878313e-07
7.492217757419802830e-07
7.713029364015902722e-07
7.887730888089870528e-07
8.015487908848780937e-07
8.095676969869455014e-07
8.127885579098148912e-07
8.111912208850706342e-07
8.047766295812475987e-07
7.935668241038408907e-07
7.776049409952948427e-07
7.569552132350125430e-07
7.317029702393492708e-07
7.019546378616036029e-07
6.678377383920595528e-07
6.295008905579285499e-07
5.871138095233824730e-07
5.408673068895519565e-07
4.909732906945039442e-07
4.376647654133064871e-07
3.811958319579338758e-07
3.218416876773358855e-07
2.598986263574121530e-07
1.956840382210003185e-07
1.295364099279468588e-07
6.181532457500004314e-08
-7.098538304124315555e-09
-7.680340273874688415e-08
-1.468763963212635611e-07
-2.168735502070489147e-07
-2.863297991145848262e-07
-3.547589813253849450e-07
-4.216538386839942651e-07
-4.864860165980378827e-07
-5.487060640381155402e-07
-6.077434335379405930e-07
-6.630064811942457767e-07
-7.138824666668098356e-07
-7.597375531784770052e-07
-7.999168075150882957e-07
-8.337442000255793250e-07
-8.605226046219044030e-07
-8.795337987790764481e-07
-8.900384635351460235e-07
-8.912761834912100185e-07
-8.824654468114148257e-07
-8.628036452229565523e-07
-8.314670740160563504e-07
-7.886222677097853880e-07
-7.384700850811520149e-07
-6.822402796136087784e-07
-6.206820845561686747e-07
-5.545203432102407163e-07
-4.844555089296088616e-07
-4.111636451205133837e-07
-3.352964252415304325e-07
-2.574811328036516555e-07
-1.783206613702634463e-07
-9.839351455712656208e-08
-1.825380603246437428e-08
6.156874048317180977e-08
1.405687912168121143e-07
2.182654023430920238e-07
2.942020199842713354e-07
3.679464802101501966e-07
4.390910090381996544e-07
5.072522224334697522e-07
5.720711263086191757e-07
6.332131165239243590e-07
6.903679788872163801e-07
7.432498891539826051e-07
7.915974130272974436e-07
8.351735061578388650e-07
8.737655141439011049e-07
9.071851725313474425e-07
9.352686068136824101e-07
9.578763324320010774e-07
9.748932547750042978e-07
9.862286691790001906e-07
9.918162609278869890e-07
9.916141052531893562e-07
9.856046673340173048e-07
9.737948022970962657e-07
9.562157552167480307e-07
9.329231611149118219e-07
9.039970449611188810e-07
8.695418216725094096e-07
8.296862961138249464e-07
7.845836630974031788e-07
7.344115073832230473e-07
6.793718036788234308e-07
6.196909166393715439e-07
5.556196008676328678e-07
4.874330009139546327e-07
4.154306512763492511e-07
3.399364764003806027e-07
2.612987906792303159e-07
1.798902984536829437e-07
9.610809401211378834e-08
1.037366159055931035e-08
-7.686712462740304385e-08
-1.651440005105612450e-07
-2.539623119801139972e-07
-3.428030150096690439e-07
-4.311226756251559234e-07
-5.183534699049862700e-07
-6.039031839799221001e-07
-6.871552140331393401e-07
-7.674685663002260261e-07
-8.441778570690811893e-07
-9.165933126801076623e-07
-9.840007695260385427e-07
-1.045661674052033332e-06
-1.100813082755636747e-06
-1.148667662186762629e-06
-1.188413688947770810e-06
-1.219215049693371398e-06
-1.240211241130701433e-06
-1.250517370019285503e-06
-1.249224153171024517e-06
-1.235397917450239753e-06
-1.208080599773640670e-06
-1.166289747110328508e-06
-1.110361412978546232e-06
-1.045854803223234756e-06
-9.743027797819183003e-07
-8.966086032474024365e-07
-8.136454953642635543e-07
-7.262566390288216496e-07
-6.352551782892424982e-07
-5.414242183453872016e-07
-4.455168255489108660e-07
-3.482560274032387799e-07
-2.503348125635378268e-07
-1.524161308368286105e-07
-5.513289318181848457e-08
4.091202829098918088e-08
1.351458003193186101e-07
2.270256284891527503e-07
3.160387572346246395e-07
4.017024698381766487e-07
4.835640884304560853e-07
5.612009739903384862e-07
6.342205263449515469e-07
7.022601841695895706e-07
7.649874249878415826e-07
8.220997651715038736e-07
8.733247599406054108e-07
9.184200033634141908e-07
9.571731283563931941e-07
9.894018066842736528e-07
1.014953748960002112e-06
1.033706704644759062e-06
1.045568462047953861e-06
1.050476848327218802e-06
1.048399729488425628e-06
1.039335010385673681e-06
1.023310634721294552e-06
1.000384585045835571e-06
9.706448827581013064e-07
9.342095881051057111e-07
8.912268001820979550e-07
8.418746569325598847e-07
7.863613351481801892e-07
7.249250504689314792e-07
6.578340573829758435e-07
5.853866492267074121e-07
5.079111581847574388e-07
4.257659552899606310e-07
3.393394504234603940e-07
2.490500923145529770e-07
1.553463685407859402e-07
5.870680552794756762e-08
-4.036003144998840262e-08
-1.413155382707132764e-07
-2.435910719637937855e-07
-3.465879507105180338e-07
-4.496774538439593419e-07
-5.522008218489854592e-07
-6.534692563621401904e-07
-7.527639201718335548e-07
-8.493359372182124020e-07
-9.424063925931900580e-07
-1.031166332540487088e-06
-1.114776764455499479e-06
-1.192368656885484032e-06
-1.263042939529441365e-06
-1.325870503238126715e-06
-1.379892200014095677e-06
-1.424118843011633053e-06
-1.457531206536815107e-06
-1.479080026047490724e-06
-1.487685998153287543e-06
-1.482239780615568766e-06
-1.461601992347511081e-06
-1.424603213414016145e-06
-1.370043985031812236e-06
-1.302100027127650180e-06
-1.227565397867986271e-06
-1.147341722762873820e-06
-1.062282905945284650e-06
-9.732123662862442203e-07
-8.809230373948116204e-07
-7.861773676180523541e-07
-6.897073200411468680e-07
-5.922143724872283441e-07
-4.943695175174901674e-07
-3.968132624311598791e-07
-3.001556292654700605e-07
-2.049761547957705643e-07
-1.118238905353614376e-07
-2.121740273560398934e-08
6.635522761410695061e-08
1.504364047863650538e-07
2.305990183156614374e-07
3.064464429985244245e-07
3.776125388934244648e-07
4.437616513207991222e-07
5.045886108630678973e-07
5.598187333645663712e-07
6.092078199316489082e-07
6.525421569326179282e-07
6.896385159977425414e-07
7.203441540192663840e-07
7.445368131513737362e-07
7.621247208102424619e-07
7.730465896740084336e-07
7.772716176827718849e-07
7.747994880385986811e-07
7.656603692055249778e-07
7.499149149095512921e-07
7.276542641386437725e-07
6.990000411427341991e-07
6.641043554337161725e-07
6.231498017854730652e-07
5.763494602338259292e-07
5.239468960765775420e-07
4.662161598734903836e-07
4.034617874462796485e-07
3.360187998786805846e-07
2.642527035163362616e-07
1.885594899668778273e-07
1.093656360999098964e-07
2.712810404696248099e-08
-5.766565879837644838e-08
-1.444977197806447690e-07
-2.328196609823687750e-07
-3.220525792241296693e-07
-4.115870860645451406e-07
-5.007833078002128242e-07
-5.889708854658214746e-07
-6.754489748340805566e-07
-7.594862464157240562e-07
-8.403208854595511387e-07
-9.171605919523216455e-07
-9.891825806188978671e-07
-1.055533580922153062e-06
-1.115329837062978660e-06
-1.167657107980353818e-06
-1.211570667351206091e-06
-1.246095303590557118e-06
-1.270225319851456973e-06
-1.282924534024972317e-06
-1.283126278740218996e-06
-1.269733401364327112e-06
-1.241618264002475744e-06
-1.197622743497878129e-06
-1.140450430809843009e-06
-1.077998648610834273e-06
-1.011206511527139265e-06
-9.407541253903080023e-07
-8.672968044706189080e-07
-7.914650714770627132e-07
-7.138646575573194824e-07
-6.350765022978482930e-07
-5.556567537237536161e-07
-4.761367682988738311e-07
-3.970231109257590974e-07
-3.187975549456496486e-07
-2.419170821385644138e-07
-1.668138827231664451e-07
-9.389535535685482058e-08
-2.354410713573838633e-08
4.388204640537917243e-08
1.080500812929257454e-07
1.686517651146749351e-07
2.254036570196696116e-07
2.780471077182401244e-07
3.263482594820170075e-07
3.700980461438803693e-07
4.091121930980386667e-07
4.432312172999753418e-07
4.723204272664600454e-07
4.962699230755583778e-07
5.149945963666035130e-07
5.284341303402377037e-07
5.365529997583834816e-07
5.393404709442538223e-07
5.368106017823449454e-07
5.290022417184445729e-07
5.159790317596300237e-07
4.978294044742644015e-07
4.746665839919970187e-07
4.466285860037608551e-07
4.138782177618000866e-07
3.766030780796198984e-07
3.350155573320273545e-07
2.893528374551121274e-07
2.398768919462399337e-07
1.868744858641075917e-07
1.306571758286587408e-07
7.156131002113402880e-08
9.948028184066876685e-09
-5.379673837874002680e-08
-1.192622668021425154e-07
-1.860130426597644244e-07
-2.535887599639145814e-07
-3.215043211656264051e-07
-3.892498371546583288e-07
-4.562906272594204263e-07
-5.220672192470988196e-07
-5.859953493235650467e-07
-6.474659621334080367e-07
-7.058452107599441688e-07
-7.604744567251519444e-07
-8.106702699897668552e-07
-8.557244289532267492e-07
-8.949039204536767015e-07
-9.274509397679883900e-07
-9.525828906117036616e-07
-9.694923851391287652e-07
-9.773472439432549418e-07
-9.752904960557797065e-07
-9.624403789471260124e-07
-9.378903385264260513e-07
-9.007545048153448579e-07
-8.553356146916442299e-07
-8.053738669291711213e-07
-7.514721536028877901e-07
-6.942127796663004053e-07
-6.341574629513669324e-07
-5.718473341685575903e-07
-5.078029369068399225e-07
-4.425242276336598972e-07
-3.764905756950175585e-07
-3.101607633153538414e-07
-2.439729855976256399e-07
-1.783448505232879667e-07
-1.136733789522736770e-07
-5.033500462306917249e-08
1.131442584739772505e-08
7.093965296368238757e-08
1.282260043518447684e-07
1.828793947594603077e-07
2.346263260555620170e-07
2.832138872307330167e-07
3.284097543970413156e-07
3.700021907880599271e-07
4.078000467588727988e-07
4.416327597860356371e-07
4.713503544676396465e-07
4.968234425232668486e-07
5.179432227940021524e-07
5.346214812424375893e-07
5.467905909526536784e-07
5.544035121302490727e-07
5.574337921023174776e-07
5.558755653174597209e-07
5.497435533457706238e-07
5.390730648788610238e-07
5.239199957298325758e-07
5.043608288332957508e-07
4.804926342453588252e-07
4.524330691436327510e-07
4.203203778272438609e-07
3.843133917168073993e-07
3.445915293544419211e-07
3.013547964037762802e-07
2.548237856499212537e-07
2.052396769995317990e-07
1.528642374807274324e-07
9.797982124314643935e-08
4.088936955792289894e-08
-1.808358918231935164e-08
-7.859493946340361287e-08
-1.402799786497021787e-07
-2.027534169840652916e-07
-2.656093775878422127e-07
-3.284213964609016561e-07
-3.907424224815463449e-07
-4.521048174066429772e-07
-5.120203558715231768e-07
-5.699802253900229857e-07
-6.254550263544983229e-07
-6.778947720357434038e-07
-7.267288885831037669e-07
-7.713662150244100989e-07
-8.111950032659765410e-07
-8.455829180926383812e-07
-8.738770371676921277e-07
-8.954038510329672941e-07
-9.094692631087725072e-07
-9.153585896939164714e-07
-9.123365599657081797e-07
-8.996473159799565970e-07
-8.765144126709528717e-07
-8.421572309870976030e-07
-7.992537881874236055e-07
-7.506733760071000969e-07
-6.970916505391895763e-07
-6.391625046891585970e-07
-5.775180681749322937e-07
-5.127687075268806187e-07
-4.455030260877995482e-07
-3.762878640129879505e-07
-3.056682982701329717e-07
-2.341676426393851045e-07
-1.622874477133411938e-07
-9.050750089702177948e-08
-1.928582640795415788e-08
5.094131472394980239e-08
1.197594246563134042e-07
1.867757687343144976e-07
2.516193754907041148e-07
3.139410366457326723e-07
3.734133071072604027e-07
4.297305049706851454e-07
4.826087115189584399e-07
5.317857712225999256e-07
5.770212917396437669e-07
6.180966439157208155e-07
6.548149617840008002e-07
6.870011425652105381e-07
7.145018466676381702e-07
7.371854976871016086e-07
7.549422824070021124e-07
7.676841507982829937e-07
7.753448160194452887e-07
7.778797544165409809e-07
7.752662055231814715e-07
7.675031720605301679e-07
7.546114199373058718e-07
7.366334782497846853e-07
7.136336392817851872e-07
6.856979585047050680e-07
6.529342545774781422e-07
6.154721093465942540e-07
5.734628678461028772e-07
5.270796382975940569e-07
4.765172921102494429e-07
4.219924638807681749e-07
3.637435513934206688e-07
3.020307156200251113e-07
2.371358807199419548e-07
1.693627340401389265e-07
9.903672611508027918e-08
2.650507066681689449e-08
-4.786325539507004510e-08
-1.236775119734395158e-07
-2.005251957835483009e-07
-2.779720403531554935e-07
-3.555620160224478517e-07
-4.328173299440571098e-07
-5.092384260830766544e-07
-5.843039852169829618e-07
-6.574709249357710177e-07
-7.281743996418413971e-07
-7.958278005500592917e-07
-8.598227556877361929e-07
-9.195291298945888108e-07
-9.742950248228269538e-07
-1.023446778937086613e-06
-1.066288967514446479e-06
-1.102104402644446895e-06
-1.130154133229039776e-06
-1.149677444982658276e-06
-1.159891860432152838e-06
-1.159993138916842227e-06
-1.149155276588472664e-06
-1.126530506411251700e-06
-1.091249298161821120e-06
-1.043054240990233225e-06
-9.861449333759627889e-07
-9.221843226068981780e-07
-8.520297619571278745e-07
-7.765108567233158356e-07
-6.964294642247717973e-07
-6.125596938034339102e-07
-5.256479068238443875e-07
-4.364127166732483957e-07
-3.455449887614469889e-07
-2.537078405208929295e-07
-1.615366414066686646e-07
-6.963901289645901009e-08
2.140517150934434721e-08
1.110437862877988093e-07
1.987524538933077409e-07
2.840345447576448214e-07
3.664211772899779736e-07
4.454712178767780962e-07
5.207712808819558592e-07
5.919357286467714953e-07
6.586066714898542812e-07
7.204539677072228668e-07
7.771752235722156065e-07
8.284957933355947445e-07
8.741687792254758988e-07
9.139750314473450027e-07
9.477231481840703740e-07
9.752494755958597288e-07
9.964181078203256148e-07
1.011120886972438400e-06
1.019277403144541099e-06
1.020834994406348942e-06
1.015768746804946421e-06
1.004081494364790245e-06
9.858038190877093446e-07
9.609940509529014828e-07
9.297382679169298672e-07
8.921502959137519487e-07
8.483717088546728348e-07
7.985718286283783240e-07
7.429477251009217770e-07
6.817242161157141633e-07
6.151538674935875897e-07
5.435169930326932319e-07
4.671216545085731211e-07
3.863036616741351565e-07
3.014265722596448465e-07
2.128816919728015416e-07
1.210880744986046036e-07
2.649252149945250807e-08
-7.043041738488320158e-08
-1.691784445372996308e-07
-2.692215143631910097e-07
-3.700018332907943879e-07
-4.709338597708041294e-07
-5.714043042765317894e-07
-6.707721293040992383e-07
-7.683685493720256269e-07
-8.634970310216873253e-07
-9.554332928169099710e-07
-1.043425305344166251e-06
-1.126693291212706556e-06
-1.204429725054217521e-06
-1.275799333523186144e-06
-1.339939095296606075e-06
-1.395958241074101711e-06
-1.442938253578030892e-06
-1.479932867553276748e-06
-1.505968069767408212e-06
-1.520042099010586418e-06
-1.521125446095626539e-06
-1.508160853857961364e-06
-1.480063317155654846e-06
-1.435720082869402109e-06
-1.374595281332211478e-06
-1.303446590619111529e-06
-1.225220365197460118e-06
-1.140857544624156448e-06
-1.051267043622730983e-06
-9.573257520836715615e-07
-8.598785350642913630e-07
-7.597382327885512428e-07
-6.576856606474513795e-07
-5.544696091985769473e-07
-4.508068441665033158e-07
-3.473821064426210312e-07
-2.448481120849599515e-07
-1.438255523185974105e-07
-4.490309353519722014e-08
5.136262270659063622e-08
1.444469796813061862e-07
2.338573854968338402e-07
3.191332730940328736e-07
3.998461002471482375e-07
4.755993495634626398e-07
5.460285284834534584e-07
6.108011692809032788e-07
6.696168290626248201e-07
7.222070897687576085e-07
7.683355581725210668e-07
8.077978658803386053e-07
8.404216693318787023e-07
8.660666497999172617e-07
8.846245133904799145e-07
8.960189910427289394e-07
9.002058385290331436e-07
8.971728364549445692e-07
8.869397902592052695e-07
8.695585302137214742e-07
8.451129114236046709e-07
8.137188138271656758e-07
7.755241421958413650e-07
7.307088261343373999e-07
6.794848200804478094e-07
6.220961033052235486e-07
5.588186799129204072e-07
4.899605788408626367e-07
4.158618538597190834e-07
3.368945835731719980e-07
2.534628714182126509e-07
1.660028456650335466e-07
7.498265941686515831e-08
-1.909750938968885862e-08
-1.157054579850321965e-07
-2.142769587662451286e-07
-3.142157592971929299e-07
-4.148935823087497049e-07
-5.156501256983664014e-07
-6.157930625305427133e-07
-7.145980410364064230e-07
-8.113086846139198659e-07
-9.051365918280245610e-07
-9.952613364102521051e-07
-1.080830467259161348e-06
-1.160959508439976286e-06
-1.234731959184742973e-06
-1.301199293892436462e-06
-1.359380962128714527e-06
-1.408264388626170080e-06
-1.446804973284112002e-06
-1.473926091168686901e-06
-1.488519092512921892e-06
-1.489443302716565986e-06
-1.475526022346257805e-06
-1.445562527135397466e-06
-1.398316067984247590e-06
-1.335090703456704689e-06
-1.265214872257116775e-06
-1.190365521902202363e-06
-1.111310769192718048e-06
-1.028790831727863762e-06
-9.435180279051322182e-07
-8.561767769206399902e-07
-7.674235987687437047e-07
-6.778871142423818168e-07
-5.881680449329299798e-07
-4.988392132300440264e-07
-4.104455423220179460e-07
-3.235040561953783675e-07
-2.385038796352377724e-07
-1.559062382251380053e-07
-7.614445834691580725e-08
3.760328189738292444e-10
7.327770729381934330e-08
1.422109363003415329e-07
2.068539902628379738e-07
2.669130388072800050e-07
3.221221507610622189e-07
3.722432941532771113e-07
4.170663362144861710e-07
4.564090433768285119e-07
4.901170812740752945e-07
5.180640147414791661e-07
5.401513078159292679e-07
5.563083237358303207e-07
5.664923249411674231e-07
5.706884730735052047e-07
5.689098289759590264e-07
5.611973526932110747e-07
5.476199034715120553e-07
5.282742397586915695e-07
5.032850192041091977e-07
4.728047986587400503e-07
4.370140341750646529e-07
3.961210810071758844e-07
3.503621936107434017e-07
3.000015256429289363e-07
2.453311299625662888e-07
1.866709586299298772e-07
1.243688629069619535e-07
5.880059325716905372e-08
-9.630200654485363191e-09
-8.049196996131897067e-08
-1.533252665952393179e-07
-2.276427432864776499e-07
-3.029291535636869514e-07
-3.786413517540882717e-07
-4.542082929831622992e-07
-5.290310331750007737e-07
-6.024827290519911788e-07
-6.739086381349703723e-07
-7.426261187433190303e-07
-8.079246299947136785e-07
-8.690657318053890604e-07
-9.252830848899149445e-07
-9.757824507613222260e-07
-1.019741691731135008e-06
-1.056310770909211784e-06
-1.084611752203954124e-06
-1.103738800322105292e-06
-1.112758180768887258e-06
-1.110708259847957069e-06
-1.096599504661400925e-06
-1.069414483109722532e-06
-1.028140048182731221e-06
-9.778394396870845424e-07
-9.231852250734436726e-07
-8.647902692781532582e-07
-8.032458980672181447e-07
-7.391218980365292155e-07
-6.729665166117711721e-07
-6.053064620483032076e-07
-5.366469034314234930e-07
-4.674714706760640338e-07
-3.982422545270611908e-07
-3.293998065590396368e-07
-2.613631391762935601e-07
-1.945297256130615267e-07
-1.292754999332158313e-07
-6.595485703053142970e-08
-4.900652628566825174e-09
5.357579671943598739e-08
1.091847136303105406e-07
1.616578598912328160e-07
2.107485364594948741e-07
2.562315834626094633e-07
2.979033801983767238e-07
3.355818451347105454e-07
3.691064359098285152e-07
3.983381493320935220e-07
4.231595213800895658e-07
4.434746272026579688e-07
4.592090811187953075e-07
4.703100366177556924e-07
4.767461863589766519e-07
4.785077621721157674e-07
4.756065350570489783e-07
4.680758151838610538e-07
4.559704518928402980e-07
4.393668336944982442e-07
4.183628882695671133e-07
3.930780824689580979e-07
3.636534223138424651e-07
3.302514529955454661e-07
2.930562588756496741e-07
2.522734634859632205e-07
2.081302295284331857e-07
1.608752588753145824e-07
1.107787925689740556e-07
5.813261082206288903e-08
3.250033017461524567e-09
-5.353408229183902241e-08
-1.118633373825069818e-07
-1.713597953611348443e-07
-2.316239801639908629e-07
-2.922348765571368966e-07
-3.527499301365333364e-07
-4.127050473277721843e-07
-4.716145953863937374e-07
-5.289714023975988087e-07
-5.842467572764016166e-07
-6.368904097676796537e-07
-6.863305704459891396e-07
-7.319739107157804852e-07
-7.732055628112196742e-07
-8.093891197962509437e-07
-8.398666355646793701e-07
-8.639586248400222143e-07
-8.809640631756485771e-07
-8.901603869546546727e-07
-8.908034933899664261e-07
-8.821277405242854747e-07
-8.633459472301033559e-07
-8.336493932096784257e-07
-7.942648494677086511e-07
-7.496318010792757639e-07
-7.005111304270349826e-07
-6.474963394352619640e-07
-5.911609428415578686e-07
-5.320584681970539193e-07
-4.707224558663282858e-07
-4.076664590272941708e-07
-3.433840436714467198e-07
-2.783487886035773596e-07
-2.130142854420274843e-07
-1.478141386185796119e-07
-8.316196537834652852e-08
-1.945139578002783367e-08
4.294392730438122722e-08
1.036703481893356531e-07
1.623941983758539777e-07
2.188017965516133495e-07
2.725994485907201969e-07
3.235134475539645503e-07
3.712900736886026722e-07
4.156955944284603949e-07
4.565162643939941076e-07
4.935583253921247370e-07
5.266480064164200719e-07
5.556315236469437793e-07
5.803750804503288843e-07
6.007648673798057227e-07
6.167070621751163901e-07
6.281278297626005044e-07
6.349733222551323134e-07
6.372096789521507646e-07
6.348230263396620461e-07
6.278194780902275165e-07
6.162251350629592582e-07
6.000860853035401940e-07
5.794684040442215463e-07
5.544581537037773089e-07
5.251613838875942446e-07
4.917041313875539352e-07
4.542324201821477670e-07
4.129122614364383904e-07
3.679296535019718399e-07
3.194905819169541413e-07
2.678210194060408233e-07
2.131669258805357587e-07
1.557942484382998968e-07
9.598892136366454796e-08
3.405686612764441296e-08
-2.967600861231493917e-08
-9.486380701211588946e-08
-1.611406460410890254e-07
-2.281206554821175490e-07
-2.953979779313840137e-07
-3.625467687986546631e-07
-4.291211963070207149e-07
-4.946554414930266869e-07
-5.586636982067542527e-07
-6.206401731115933844e-07
-6.800590856845056209e-07
-7.363746682157892282e-07
-7.890211658092047714e-07
-8.374128363820158791e-07
-8.809439506648321179e-07
-9.189887922018030695e-07
-9.509016573504385476e-07
-9.760168552817061125e-07
-9.936487079800652704e-07
-1.003091550243347936e-06
-1.003619729682870451e-06
-9.944876067233649768e-07
-9.749295546030320099e-07
-9.441599593734792882e-07
-9.020492925664547460e-07
-8.522078135068594733e-07
-7.959580699104885512e-07
-7.340672150571623001e-07
-6.672778237118764207e-07
-5.963078921250546212e-07
-5.218508380322478150e-07
-4.445755006544094059e-07
-3.651261406977817863e-07
-2.841224403537540354e-07
-2.021595032991799800e-07
-1.198078546960106881e-07
-3.761344119162036499e-08
4.390236908133499556e-08
1.242427865050554658e-07
2.029355999762747822e-07
2.795331769066239342e-07
3.536124632223176562e-07
4.247749833642922821e-07
4.926468402883232715e-07
5.568787154647452647e-07
6.171458688787591325e-07
6.731481390301736312e-07
7.246099429335244107e-07
7.712802761181515178e-07
8.129327126279973790e-07
8.493654050218278762e-07
8.804010843730487521e-07
9.058870602697973016e-07
9.256952208149699005e-07
9.397220326261298905e-07
9.478885408355937648e-07
9.501403690903720877e-07
9.464477195522054933e-07
9.368053728975424511e-07
9.212326883175678532e-07
8.997736035181513454e-07
8.724966347199066194e-07
8.394948766581763780e-07
8.008860025829641489e-07
7.568122642590717161e-07
7.074404919659248425e-07
6.529620944977407706e-07
5.935930591634649073e-07
5.295739517866543564e-07
4.611699167057284287e-07
3.886706767736721807e-07
3.123905333583004767e-07
2.326683663421588864e-07
1.498676341223705834e-07
6.437637361095737059e-08
-2.339279976552549647e-08
-1.130026920656624612e-07
-2.039915308333225082e-07
-2.958729650978054888e-07
-3.881360653734919781e-07
-4.802453236602461454e-07
-5.716406534430714354e-07
-6.617373896922350819e-07
-7.499262888634582665e-07
-8.355735288975381305e-07
-9.180207092207495861e-07
-9.965848507444985619e-07
-1.070558395865491622e-06
-1.139209208465841420e-06
-1.201780573912774582e-06
-1.257491199058954315e-06
-1.305535212242212961e-06
-1.345082163285693661e-06
-1.375277023497872379e-06
-1.395240185672452867e-06
-1.404067464088452221e-06
-1.400830094510134170e-06
-1.384574734187089550e-06
-1.354323461854161340e-06
-1.309073777731516657e-06
-1.250759932227734843e-06
-1.190223470738167681e-06
-1.128893681100979408e-06
-1.067122102320142287e-06
-1.005243992593929599e-06
-9.435783293146356916e-07
-8.824278090688220498e-07
-8.220788476372104584e-07
-7.628015799945813602e-07
-7.048498603100124012e-07
-6.484612619466098157e-07
-5.938570774617403010e-07
-5.412423186069283151e-07
-4.908057163277705260e-07
-4.427197207641414294e-07
-3.971405012499660258e-07
-3.542079463134129442e-07
-3.140456636768064567e-07
-2.767609802565643270e-07
-2.424449421633540885e-07
-2.111723147019232141e-07
-1.830015823712401468e-07
-1.579749488644275961e-07
-1.361183370687275981e-07
-1.174413890655982888e-07
-1.019374661306109894e-07
-8.958364873353321600e-08
-8.034073653828569229e-08
-7.415324840293599696e-08
-7.094942237973117445e-08
-7.064121571506830055e-08
-7.312430484951290536e-08
-7.827808541778436197e-08
-8.596567224877473298e-08
-9.603389936552124187e-08
-1.083133199852450248e-07
-1.226182065193092025e-07
-1.387465505732370913e-07
-1.564800629467380381e-07
-1.755841736336468568e-07
-1.958080318220011206e-07
-2.168845058939655644e-07
-2.385301834258680832e-07
-2.604453711882323430e-07
-2.823140951456960427e-07
-3.038041004571034515e-07
-3.245668514754321414e-07
-3.442375317478123626e-07
-3.624350440155750069e-07
-3.787620102141672220e-07
-3.928047714732369030e-07
-4.041333881165698002e-07
-4.123016396621123893e-07
-4.168470248219874351e-07
-4.172907615024681573e-07
-4.131377868039903010e-07
-4.038767570211513947e-07
